0 0
4.9e-06 0
4.902e-06 3.3
9.8e-06 3.3
9.802e-06 0
1.47e-05 0
1.4702e-05 3.3
1.96e-05 3.3
1.9602e-05 0
2.54e-05 0
2.5402e-05 3.3
3.03e-05 3.3
3.0302e-05 0
3.52e-05 0
3.5202e-05 3.3
4.01e-05 3.3
4.0102e-05 0
4.59e-05 0
4.5902e-05 3.3
5.08e-05 3.3
5.0802e-05 0
5.57e-05 0
5.5702e-05 3.3
6.16e-05 3.3
6.1602e-05 0
6.74e-05 0
6.7402e-05 3.3
7.23e-05 3.3
7.2302e-05 0
7.82e-05 0
7.8202e-05 3.3
8.4e-05 3.3
8.4002e-05 0
8.99e-05 0
8.9902e-05 3.3
9.58e-05 3.3
9.5802e-05 0
0.0001016 0
0.000101602 3.3
0.0001084 3.3
0.000108402 0
0.0001143 0
0.000114302 3.3
0.0001211 3.3
0.000121102 0
0.000129 0
0.000129002 3.3
0.0001358 3.3
0.000135802 0
0.0001436 0
0.000143602 3.3
0.0001524 3.3
0.000152402 0
0.0001612 0
0.000161202 3.3
0.0001709 3.3
0.000170902 0
0.0001827 0
0.000182702 3.3
0.0001954 3.3
0.000195402 0
0.0002129 0
0.000212902 3.3
0.0002881 3.3
0.000288102 0
0.0003057 0
0.000305702 3.3
0.0003184 3.3
0.000318402 0
0.0003301 0
0.000330102 3.3
0.0003399 3.3
0.000339902 0
0.0003487 0
0.000348702 3.3
0.0003575 3.3
0.000357502 0
0.0003653 0
0.000365302 3.3
0.0003721 3.3
0.000372102 0
0.0003799 0
0.000379902 3.3
0.0003868 3.3
0.000386802 0
0.0003926 0
0.000392602 3.3
0.0003995 3.3
0.000399502 0
0.0004053 0
0.000405302 3.3
0.0004112 3.3
0.000411202 0
0.000417 0
0.000417002 3.3
0.0004229 3.3
0.000422902 0
0.0004288 0
0.000428802 3.3
0.0004336 3.3
0.000433602 0
0.0004395 0
0.000439502 3.3
0.0004454 3.3
0.000445402 0
0.0004502 0
0.000450202 3.3
0.0004551 3.3
0.000455102 0
0.000461 0
0.000461002 3.3
0.0004659 3.3
0.000465902 0
0.0004708 0
0.000470802 3.3
0.0004756 3.3
0.000475602 0
0.0004815 0
0.000481502 3.3
0.0004864 3.3
0.000486402 0
0.0004913 0
0.000491302 3.3
0.0004961 3.3
0.000496102 0
0.000501 0
0.000501002 3.3
0.0005059 3.3
0.000505902 0
0.0005108 0
0.000510802 3.3
0.0005167 3.3
0.000516702 0
0.0005215 0
0.000521502 3.3
0.0005264 3.3
0.000526402 0
0.0005313 0
0.000531302 3.3
0.0005362 3.3
0.000536202 0
0.000542 0
0.000542002 3.3
0.0005469 3.3
0.000546902 0
0.0005518 0
0.000551802 3.3
0.0005577 3.3
0.000557702 0
0.0005626 0
0.000562602 3.3
0.0005684 3.3
0.000568402 0
0.0005743 0
0.000574302 3.3
0.0005792 3.3
0.000579202 0
0.000585 0
0.000585002 3.3
0.0005909 3.3
0.000590902 0
0.0005977 0
0.000597702 3.3
0.0006036 3.3
0.000603602 0
0.0006094 0
0.000609402 3.3
0.0006163 3.3
0.000616302 0
0.0006231 0
0.000623102 3.3
0.0006299 3.3
0.000629902 0
0.0006377 0
0.000637702 3.3
0.0006456 3.3
0.000645602 0
0.0006543 0
0.000654302 3.3
0.0006631 3.3
0.000663102 0
0.0006739 0
0.000673902 3.3
0.0006856 3.3
0.000685602 0
0.0006993 0
0.000699302 3.3
0.0007188 3.3
0.000718802 0
0.0007823 0
0.000782302 3.3
0.0008018 3.3
0.000801802 0
0.0008155 0
0.000815502 3.3
0.0008272 3.3
0.000827202 0
0.0008379 0
0.000837902 3.3
0.0008467 3.3
0.000846702 0
0.0008555 0
0.000855502 3.3
0.0008633 3.3
0.000863302 0
0.0008711 0
0.000871102 3.3
0.000878 3.3
0.000878002 0
0.0008848 0
0.000884802 3.3
0.0008917 3.3
0.000891702 0
0.0008975 0
0.000897502 3.3
0.0009034 3.3
0.000903402 0
0.0009102 0
0.000910202 3.3
0.0009161 3.3
0.000916102 0
0.0009219 0
0.000921902 3.3
0.0009268 3.3
0.000926802 0
0.0009327 0
0.000932702 3.3
0.0009385 3.3
0.000938502 0
0.0009434 0
0.000943402 3.3
0.0009493 3.3
0.000949302 0
0.0009542 0
0.000954202 3.3
0.000959 3.3
0.000959002 0
0.0009649 0
0.000964902 3.3
0.0009698 3.3
0.000969802 0
0.0009747 0
0.000974702 3.3
0.0009795 3.3
0.000979502 0
0.0009844 0
0.000984402 3.3
0.0009903 3.3
0.000990302 0
0.0009952 0
0.000995202 3.3
0.0010001 3.3
0.001000102 0
0.0010049 0
0.001004902 3.3
0.0010098 3.3
0.001009802 0
0.0010147 0
0.001014702 3.3
0.0010196 3.3
0.001019602 0
0.0010254 0
0.001025402 3.3
0.0010303 3.3
0.001030302 0
0.0010352 0
0.001035202 3.3
0.0010401 3.3
0.001040102 0
0.001046 0
0.001046002 3.3
0.0010508 3.3
0.001050802 0
0.0010557 0
0.001055702 3.3
0.0010616 3.3
0.001061602 0
0.0010674 0
0.001067402 3.3
0.0010723 3.3
0.001072302 0
0.0010782 0
0.001078202 3.3
0.001084 3.3
0.001084002 0
0.0010899 0
0.001089902 3.3
0.0010958 3.3
0.001095802 0
0.0011016 0
0.001101602 3.3
0.0011085 3.3
0.001108502 0
0.0011143 0
0.001114302 3.3
0.0011211 3.3
0.001121102 0
0.001129 0
0.001129002 3.3
0.0011358 3.3
0.001135802 0
0.0011436 0
0.001143602 3.3
0.0011524 3.3
0.001152402 0
0.0011612 0
0.001161202 3.3
0.001171 3.3
0.001171002 0
0.0011827 0
0.001182702 3.3
0.0011954 3.3
0.001195402 0
0.0012129 0
0.001212902 3.3
0.0012881 3.3
0.001288102 0
0.0013057 0
0.001305702 3.3
0.0013184 3.3
0.001318402 0
0.0013301 0
0.001330102 3.3
0.0013399 3.3
0.001339902 0
0.0013487 0
0.001348702 3.3
0.0013575 3.3
0.001357502 0
0.0013653 0
0.001365302 3.3
0.0013721 3.3
0.001372102 0
0.0013799 0
0.001379902 3.3
0.0013868 3.3
0.001386802 0
0.0013926 0
0.001392602 3.3
0.0013995 3.3
0.001399502 0
0.0014053 0
0.001405302 3.3
0.0014112 3.3
0.001411202 0
0.001417 0
0.001417002 3.3
0.0014229 3.3
0.001422902 0
0.0014288 0
0.001428802 3.3
0.0014336 3.3
0.001433602 0
0.0014395 0
0.001439502 3.3
0.0014454 3.3
0.001445402 0
0.0014502 0
0.001450202 3.3
0.0014551 3.3
0.001455102 0
0.001461 0
0.001461002 3.3
0.0014659 3.3
0.001465902 0
0.0014708 0
0.001470802 3.3
0.0014756 3.3
0.001475602 0
0.0014815 0
0.001481502 3.3
0.0014864 3.3
0.001486402 0
0.0014913 0
0.001491302 3.3
0.0014961 3.3
0.001496102 0
0.001501 0
0.001501002 3.3
0.0015059 3.3
0.001505902 0
0.0015108 0
0.001510802 3.3
0.0015167 3.3
0.001516702 0
0.0015215 0
0.001521502 3.3
0.0015264 3.3
0.001526402 0
0.0015313 0
0.001531302 3.3
0.0015362 3.3
0.001536202 0
0.001542 0
0.001542002 3.3
0.0015469 3.3
0.001546902 0
0.0015518 0
0.001551802 3.3
0.0015577 3.3
0.001557702 0
0.0015626 0
0.001562602 3.3
0.0015684 3.3
0.001568402 0
0.0015743 0
0.001574302 3.3
0.0015792 3.3
0.001579202 0
0.001585 0
0.001585002 3.3
0.0015909 3.3
0.001590902 0
0.0015977 0
0.001597702 3.3
0.0016036 3.3
0.001603602 0
0.0016094 0
0.001609402 3.3
0.0016163 3.3
0.001616302 0
0.0016231 0
0.001623102 3.3
0.0016299 3.3
0.001629902 0
0.0016377 0
0.001637702 3.3
0.0016456 3.3
0.001645602 0
0.0016543 0
0.001654302 3.3
0.0016631 3.3
0.001663102 0
0.0016739 0
0.001673902 3.3
0.0016856 3.3
0.001685602 0
0.0016993 0
0.001699302 3.3
0.0017188 3.3
0.001718802 0
0.0017823 0
0.001782302 3.3
0.0018018 3.3
0.001801802 0
0.0018155 0
0.001815502 3.3
0.0018272 3.3
0.001827202 0
0.0018379 0
0.001837902 3.3
0.0018467 3.3
0.001846702 0
0.0018555 0
0.001855502 3.3
0.0018633 3.3
0.001863302 0
0.0018711 0
0.001871102 3.3
0.001878 3.3
0.001878002 0
0.0018848 0
0.001884802 3.3
0.0018917 3.3
0.001891702 0
0.0018975 0
0.001897502 3.3
0.0019034 3.3
0.001903402 0
0.0019102 0
0.001910202 3.3
0.0019161 3.3
0.001916102 0
0.0019219 0
0.001921902 3.3
0.0019268 3.3
0.001926802 0
0.0019327 0
0.001932702 3.3
0.0019385 3.3
0.001938502 0
0.0019434 0
0.001943402 3.3
0.0019493 3.3
0.001949302 0
0.0019542 0
0.001954202 3.3
0.001959 3.3
0.001959002 0
0.0019649 0
0.001964902 3.3
0.0019698 3.3
0.001969802 0
0.0019747 0
0.001974702 3.3
0.0019795 3.3
0.001979502 0
0.0019844 0
0.001984402 3.3
0.0019903 3.3
0.001990302 0
0.0019952 0
0.001995202 3.3
0.0020001 3.3
0.002000102 0
0.0020049 0
0.002004902 3.3
0.0020098 3.3
0.002009802 0
0.0020147 0
0.002014702 3.3
0.0020196 3.3
0.002019602 0
0.0020254 0
0.002025402 3.3
0.0020303 3.3
0.002030302 0
0.0020352 0
0.002035202 3.3
0.0020401 3.3
0.002040102 0
0.002046 0
0.002046002 3.3
0.0020508 3.3
0.002050802 0
0.0020557 0
0.002055702 3.3
0.0020616 3.3
0.002061602 0
0.0020674 0
0.002067402 3.3
0.0020723 3.3
0.002072302 0
0.0020782 0
0.002078202 3.3
0.002084 3.3
0.002084002 0
0.0020899 0
0.002089902 3.3
0.0020958 3.3
0.002095802 0
0.0021016 0
0.002101602 3.3
0.0021085 3.3
0.002108502 0
0.0021143 0
0.002114302 3.3
0.0021211 3.3
0.002121102 0
0.002129 0
0.002129002 3.3
0.0021358 3.3
0.002135802 0
0.0021436 0
0.002143602 3.3
0.0021524 3.3
0.002152402 0
0.0021612 0
0.002161202 3.3
0.002171 3.3
0.002171002 0
0.0021827 0
0.002182702 3.3
0.0021954 3.3
0.002195402 0
0.0022129 0
0.002212902 3.3
0.0022881 3.3
0.002288102 0
0.0023057 0
0.002305702 3.3
0.0023184 3.3
0.002318402 0
0.0023301 0
0.002330102 3.3
0.0023399 3.3
0.002339902 0
0.0023487 0
0.002348702 3.3
0.0023575 3.3
0.002357502 0
0.0023653 0
0.002365302 3.3
0.0023721 3.3
0.002372102 0
0.0023799 0
0.002379902 3.3
0.0023868 3.3
0.002386802 0
0.0023926 0
0.002392602 3.3
0.0023995 3.3
0.002399502 0
0.0024053 0
0.002405302 3.3
0.0024112 3.3
0.002411202 0
0.002417 0
0.002417002 3.3
0.0024229 3.3
0.002422902 0
0.0024288 0
0.002428802 3.3
0.0024336 3.3
0.002433602 0
0.0024395 0
0.002439502 3.3
0.0024454 3.3
0.002445402 0
0.0024502 0
0.002450202 3.3
0.0024551 3.3
0.002455102 0
0.002461 0
0.002461002 3.3
0.0024659 3.3
0.002465902 0
0.0024708 0
0.002470802 3.3
0.0024756 3.3
0.002475602 0
0.0024815 0
0.002481502 3.3
0.0024864 3.3
0.002486402 0
0.0024913 0
0.002491302 3.3
0.0024961 3.3
0.002496102 0
0.002501 0
0.002501002 3.3
0.0025059 3.3
0.002505902 0
0.0025108 0
0.002510802 3.3
0.0025167 3.3
0.002516702 0
0.0025215 0
0.002521502 3.3
0.0025264 3.3
0.002526402 0
0.0025313 0
0.002531302 3.3
0.0025362 3.3
0.002536202 0
0.002542 0
0.002542002 3.3
0.0025469 3.3
0.002546902 0
0.0025518 0
0.002551802 3.3
0.0025577 3.3
0.002557702 0
0.0025626 0
0.002562602 3.3
0.0025684 3.3
0.002568402 0
0.0025743 0
0.002574302 3.3
0.0025792 3.3
0.002579202 0
0.002585 0
0.002585002 3.3
0.0025909 3.3
0.002590902 0
0.0025977 0
0.002597702 3.3
0.0026036 3.3
0.002603602 0
0.0026094 0
0.002609402 3.3
0.0026163 3.3
0.002616302 0
0.0026231 0
0.002623102 3.3
0.0026299 3.3
0.002629902 0
0.0026377 0
0.002637702 3.3
0.0026456 3.3
0.002645602 0
0.0026544 0
0.002654402 3.3
0.0026631 3.3
0.002663102 0
0.0026739 0
0.002673902 3.3
0.0026856 3.3
0.002685602 0
0.0026993 0
0.002699302 3.3
0.0027188 3.3
0.002718802 0
0.0027823 0
0.002782302 3.3
0.0028018 3.3
0.002801802 0
0.0028155 0
0.002815502 3.3
0.0028272 3.3
0.002827202 0
0.0028379 0
0.002837902 3.3
0.0028467 3.3
0.002846702 0
0.0028555 0
0.002855502 3.3
0.0028633 3.3
0.002863302 0
0.0028711 0
0.002871102 3.3
0.002878 3.3
0.002878002 0
0.0028848 0
0.002884802 3.3
0.0028917 3.3
0.002891702 0
0.0028975 0
0.002897502 3.3
0.0029034 3.3
0.002903402 0
0.0029102 0
0.002910202 3.3
0.0029161 3.3
0.002916102 0
0.0029219 0
0.002921902 3.3
0.0029268 3.3
0.002926802 0
0.0029327 0
0.002932702 3.3
0.0029385 3.3
0.002938502 0
0.0029434 0
0.002943402 3.3
0.0029493 3.3
0.002949302 0
0.0029542 0
0.002954202 3.3
0.002959 3.3
0.002959002 0
0.0029649 0
0.002964902 3.3
0.0029698 3.3
0.002969802 0
0.0029747 0
0.002974702 3.3
0.0029795 3.3
0.002979502 0
0.0029844 0
0.002984402 3.3
0.0029903 3.3
0.002990302 0
0.0029952 0
0.002995202 3.3
0.0030001 3.3
0.003000102 0
0.0030049 0
0.003004902 3.3
0.0030098 3.3
0.003009802 0
0.0030147 0
0.003014702 3.3
0.0030196 3.3
0.003019602 0
0.0030254 0
0.003025402 3.3
0.0030303 3.3
0.003030302 0
0.0030352 0
0.003035202 3.3
0.0030401 3.3
0.003040102 0
0.003046 0
0.003046002 3.3
0.0030508 3.3
0.003050802 0
0.0030557 0
0.003055702 3.3
0.0030616 3.3
0.003061602 0
0.0030674 0
0.003067402 3.3
0.0030723 3.3
0.003072302 0
0.0030782 0
0.003078202 3.3
0.003084 3.3
0.003084002 0
0.0030899 0
0.003089902 3.3
0.0030958 3.3
0.003095802 0
0.0031016 0
0.003101602 3.3
0.0031085 3.3
0.003108502 0
0.0031143 0
0.003114302 3.3
0.0031211 3.3
0.003121102 0
0.003129 0
0.003129002 3.3
0.0031358 3.3
0.003135802 0
0.0031436 0
0.003143602 3.3
0.0031524 3.3
0.003152402 0
0.0031612 0
0.003161202 3.3
0.003171 3.3
0.003171002 0
0.0031827 0
0.003182702 3.3
0.0031954 3.3
0.003195402 0
0.0032129 0
0.003212902 3.3
0.0032881 3.3
0.003288102 0
0.0033057 0
0.003305702 3.3
0.0033184 3.3
0.003318402 0
0.0033301 0
0.003330102 3.3
0.0033399 3.3
0.003339902 0
0.0033487 0
0.003348702 3.3
0.0033575 3.3
0.003357502 0
0.0033653 0
0.003365302 3.3
0.0033721 3.3
0.003372102 0
0.0033799 0
0.003379902 3.3
0.0033868 3.3
0.003386802 0
0.0033926 0
0.003392602 3.3
0.0033995 3.3
0.003399502 0
0.0034053 0
0.003405302 3.3
0.0034112 3.3
0.003411202 0
0.003417 0
0.003417002 3.3
0.0034229 3.3
0.003422902 0
0.0034288 0
0.003428802 3.3
0.0034336 3.3
0.003433602 0
0.0034395 0
0.003439502 3.3
0.0034454 3.3
0.003445402 0
0.0034503 0
0.003450302 3.3
0.0034551 3.3
0.003455102 0
0.003461 0
0.003461002 3.3
0.0034659 3.3
0.003465902 0
0.0034708 0
0.003470802 3.3
0.0034756 3.3
0.003475602 0
0.0034815 0
0.003481502 3.3
0.0034864 3.3
0.003486402 0
0.0034913 0
0.003491302 3.3
0.0034961 3.3
0.003496102 0
0.003501 0
0.003501002 3.3
0.0035059 3.3
0.003505902 0
0.0035108 0
0.003510802 3.3
0.0035167 3.3
0.003516702 0
0.0035215 0
0.003521502 3.3
0.0035264 3.3
0.003526402 0
0.0035313 0
0.003531302 3.3
0.0035362 3.3
0.003536202 0
0.003542 0
0.003542002 3.3
0.0035469 3.3
0.003546902 0
0.0035518 0
0.003551802 3.3
0.0035577 3.3
0.003557702 0
0.0035626 0
0.003562602 3.3
0.0035684 3.3
0.003568402 0
0.0035743 0
0.003574302 3.3
0.0035792 3.3
0.003579202 0
0.003585 0
0.003585002 3.3
0.0035909 3.3
0.003590902 0
0.0035977 0
0.003597702 3.3
0.0036036 3.3
0.003603602 0
0.0036094 0
0.003609402 3.3
0.0036163 3.3
0.003616302 0
0.0036231 0
0.003623102 3.3
0.0036299 3.3
0.003629902 0
0.0036378 0
0.003637802 3.3
0.0036456 3.3
0.003645602 0
0.0036544 0
0.003654402 3.3
0.0036631 3.3
0.003663102 0
0.0036739 0
0.003673902 3.3
0.0036856 3.3
0.003685602 0
0.0036993 0
0.003699302 3.3
0.0037188 3.3
0.003718802 0
0.0037823 0
0.003782302 3.3
0.0038018 3.3
0.003801802 0
0.0038155 0
0.003815502 3.3
0.0038272 3.3
0.003827202 0
0.0038379 0
0.003837902 3.3
0.0038467 3.3
0.003846702 0
0.0038555 0
0.003855502 3.3
0.0038633 3.3
0.003863302 0
0.0038712 0
0.003871202 3.3
0.003878 3.3
0.003878002 0
0.0038848 0
0.003884802 3.3
0.0038917 3.3
0.003891702 0
0.0038975 0
0.003897502 3.3
0.0039034 3.3
0.003903402 0
0.0039102 0
0.003910202 3.3
0.0039161 3.3
0.003916102 0
0.0039219 0
0.003921902 3.3
0.0039268 3.3
0.003926802 0
0.0039327 0
0.003932702 3.3
0.0039385 3.3
0.003938502 0
0.0039434 0
0.003943402 3.3
0.0039493 3.3
0.003949302 0
0.0039542 0
0.003954202 3.3
0.003959 3.3
0.003959002 0
0.0039649 0
0.003964902 3.3
0.0039698 3.3
0.003969802 0
0.0039747 0
0.003974702 3.3
0.0039795 3.3
0.003979502 0
0.0039844 0
0.003984402 3.3
0.0039903 3.3
0.003990302 0
0.0039952 0
0.003995202 3.3
0.0040001 3.3
0.004000102 0
0.0040049 0
0.004004902 3.3
0.0040098 3.3
0.004009802 0
0.0040147 0
0.004014702 3.3
0.0040196 3.3
0.004019602 0
0.0040254 0
0.004025402 3.3
0.0040303 3.3
0.004030302 0
0.0040352 0
0.004035202 3.3
0.0040401 3.3
0.004040102 0
0.004046 0
0.004046002 3.3
0.0040508 3.3
0.004050802 0
0.0040557 0
0.004055702 3.3
0.0040616 3.3
0.004061602 0
0.0040674 0
0.004067402 3.3
0.0040723 3.3
0.004072302 0
0.0040782 0
0.004078202 3.3
0.004084 3.3
0.004084002 0
0.0040899 0
0.004089902 3.3
0.0040958 3.3
0.004095802 0
0.0041016 0
0.004101602 3.3
0.0041085 3.3
0.004108502 0
0.0041143 0
0.004114302 3.3
0.0041212 3.3
0.004121202 0
0.004129 0
0.004129002 3.3
0.0041358 3.3
0.004135802 0
0.0041436 0
0.004143602 3.3
0.0041524 3.3
0.004152402 0
0.0041612 0
0.004161202 3.3
0.004171 3.3
0.004171002 0
0.0041827 0
0.004182702 3.3
0.0041954 3.3
0.004195402 0
0.0042129 0
0.004212902 3.3
0.0042881 3.3
0.004288102 0
0.0043057 0
0.004305702 3.3
0.0043184 3.3
0.004318402 0
0.0043301 0
0.004330102 3.3
0.0043399 3.3
0.004339902 0
0.0043487 0
0.004348702 3.3
0.0043575 3.3
0.004357502 0
0.0043653 0
0.004365302 3.3
0.0043721 3.3
0.004372102 0
0.0043799 0
0.004379902 3.3
0.0043868 3.3
0.004386802 0
0.0043926 0
0.004392602 3.3
0.0043995 3.3
0.004399502 0
0.0044053 0
0.004405302 3.3
0.0044112 3.3
0.004411202 0
0.004417 0
0.004417002 3.3
0.0044229 3.3
0.004422902 0
0.0044288 0
0.004428802 3.3
0.0044337 3.3
0.004433702 0
0.0044395 0
0.004439502 3.3
0.0044454 3.3
0.004445402 0
0.0044503 0
0.004450302 3.3
0.0044551 3.3
0.004455102 0
0.004461 0
0.004461002 3.3
0.0044659 3.3
0.004465902 0
0.0044708 0
0.004470802 3.3
0.0044756 3.3
0.004475602 0
0.0044815 0
0.004481502 3.3
0.0044864 3.3
0.004486402 0
0.0044913 0
0.004491302 3.3
0.0044962 3.3
0.004496202 0
0.004501 0
0.004501002 3.3
0.0045059 3.3
0.004505902 0
0.0045108 0
0.004510802 3.3
0.0045167 3.3
0.004516702 0
0.0045215 0
0.004521502 3.3
0.0045264 3.3
0.004526402 0
0.0045313 0
0.004531302 3.3
0.0045362 3.3
0.004536202 0
0.004542 0
0.004542002 3.3
0.0045469 3.3
0.004546902 0
0.0045518 0
0.004551802 3.3
0.0045577 3.3
0.004557702 0
0.0045626 0
0.004562602 3.3
0.0045684 3.3
0.004568402 0
0.0045743 0
0.004574302 3.3
0.0045792 3.3
0.004579202 0
0.004585 0
0.004585002 3.3
0.0045909 3.3
0.004590902 0
0.0045977 0
0.004597702 3.3
0.0046036 3.3
0.004603602 0
0.0046094 0
0.004609402 3.3
0.0046163 3.3
0.004616302 0
0.0046231 0
0.004623102 3.3
0.0046299 3.3
0.004629902 0
0.0046378 0
0.004637802 3.3
0.0046456 3.3
0.004645602 0
0.0046544 0
0.004654402 3.3
0.0046631 3.3
0.004663102 0
0.0046739 0
0.004673902 3.3
0.0046856 3.3
0.004685602 0
0.0046993 0
0.004699302 3.3
0.0047188 3.3
0.004718802 0
0.0047823 0
0.004782302 3.3
0.0048018 3.3
0.004801802 0
0.0048155 0
0.004815502 3.3
0.0048272 3.3
0.004827202 0
0.0048379 0
0.004837902 3.3
0.0048467 3.3
0.004846702 0
0.0048555 0
0.004855502 3.3
0.0048633 3.3
0.004863302 0
0.0048712 0
0.004871202 3.3
0.004878 3.3
0.004878002 0
0.0048848 0
0.004884802 3.3
0.0048917 3.3
0.004891702 0
0.0048975 0
0.004897502 3.3
0.0049034 3.3
0.004903402 0
0.0049102 0
0.004910202 3.3
0.0049161 3.3
0.004916102 0
0.0049219 0
0.004921902 3.3
0.0049268 3.3
0.004926802 0
0.0049327 0
0.004932702 3.3
0.0049385 3.3
0.004938502 0
0.0049434 0
0.004943402 3.3
0.0049493 3.3
0.004949302 0
0.0049542 0
0.004954202 3.3
0.004959 3.3
0.004959002 0
0.0049649 0
0.004964902 3.3
0.0049698 3.3
0.004969802 0
0.0049747 0
0.004974702 3.3
0.0049796 3.3
0.004979602 0
0.0049844 0
0.004984402 3.3
0.0049903 3.3
0.004990302 0
0.0049952 0
0.004995202 3.3
0.0050001 3.3
