0 0
1.96e-05 0
1.9602e-05 3.3
4.01e-05 3.3
4.0102e-05 0
6.16e-05 0
6.1602e-05 3.3
8.4e-05 3.3
8.4002e-05 0
0.0001084 0
0.000108402 3.3
0.0001358 3.3
0.000135802 0
0.0001709 0
0.000170902 3.3
0.0003301 3.3
0.000330102 0
0.0003653 0
0.000365302 3.3
0.0003926 3.3
0.000392602 0
0.000417 0
0.000417002 3.3
0.0004395 3.3
0.000439502 0
0.000461 0
0.000461002 3.3
0.0004815 3.3
0.000481502 0
0.000501 0
0.000501002 3.3
0.0005215 3.3
0.000521502 0
0.000542 0
0.000542002 3.3
0.0005626 3.3
0.000562602 0
0.000585 0
0.000585002 3.3
0.0006094 3.3
0.000609402 0
0.0006377 0
0.000637702 3.3
0.0006739 3.3
0.000673902 0
0.0008272 0
0.000827202 3.3
0.0008633 3.3
0.000863302 0
0.0008917 0
0.000891702 3.3
0.0009161 3.3
0.000916102 0
0.0009385 0
0.000938502 3.3
0.000959 3.3
0.000959002 0
0.0009795 0
0.000979502 3.3
0.0010001 3.3
0.001000102 0
0.0010196 0
0.001019602 3.3
0.0010401 3.3
0.001040102 0
0.0010616 0
0.001061602 3.3
0.001084 3.3
0.001084002 0
0.0011085 0
0.001108502 3.3
0.0011358 3.3
0.001135802 0
0.001171 0
0.001171002 3.3
0.0013301 3.3
0.001330102 0
0.0013653 0
0.001365302 3.3
0.0013926 3.3
0.001392602 0
0.001417 0
0.001417002 3.3
0.0014395 3.3
0.001439502 0
0.001461 0
0.001461002 3.3
0.0014815 3.3
0.001481502 0
0.001501 0
0.001501002 3.3
0.0015215 3.3
0.001521502 0
0.001542 0
0.001542002 3.3
0.0015626 3.3
0.001562602 0
0.001585 0
0.001585002 3.3
0.0016094 3.3
0.001609402 0
0.0016377 0
0.001637702 3.3
0.0016739 3.3
0.001673902 0
0.0018272 0
0.001827202 3.3
0.0018633 3.3
0.001863302 0
0.0018917 0
0.001891702 3.3
0.0019161 3.3
0.001916102 0
0.0019385 0
0.001938502 3.3
0.001959 3.3
0.001959002 0
0.0019795 0
0.001979502 3.3
0.0020001 3.3
0.002000102 0
0.0020196 0
0.002019602 3.3
0.0020401 3.3
0.002040102 0
0.0020616 0
0.002061602 3.3
0.002084 3.3
0.002084002 0
0.0021085 0
0.002108502 3.3
0.0021358 3.3
0.002135802 0
0.002171 0
0.002171002 3.3
0.0023301 3.3
0.002330102 0
0.0023653 0
0.002365302 3.3
0.0023926 3.3
0.002392602 0
0.002417 0
0.002417002 3.3
0.0024395 3.3
0.002439502 0
0.002461 0
0.002461002 3.3
0.0024815 3.3
0.002481502 0
0.002501 0
0.002501002 3.3
0.0025215 3.3
0.002521502 0
0.002542 0
0.002542002 3.3
0.0025626 3.3
0.002562602 0
0.002585 0
0.002585002 3.3
0.0026094 3.3
0.002609402 0
0.0026377 0
0.002637702 3.3
0.0026739 3.3
0.002673902 0
0.0028272 0
0.002827202 3.3
0.0028633 3.3
0.002863302 0
0.0028917 0
0.002891702 3.3
0.0029161 3.3
0.002916102 0
0.0029385 0
0.002938502 3.3
0.002959 3.3
0.002959002 0
0.0029795 0
0.002979502 3.3
0.0030001 3.3
0.003000102 0
0.0030196 0
0.003019602 3.3
0.0030401 3.3
0.003040102 0
0.0030616 0
0.003061602 3.3
0.003084 3.3
0.003084002 0
0.0031085 0
0.003108502 3.3
0.0031358 3.3
0.003135802 0
0.003171 0
0.003171002 3.3
0.0033301 3.3
0.003330102 0
0.0033653 0
0.003365302 3.3
0.0033926 3.3
0.003392602 0
0.003417 0
0.003417002 3.3
0.0034395 3.3
0.003439502 0
0.003461 0
0.003461002 3.3
0.0034815 3.3
0.003481502 0
0.003501 0
0.003501002 3.3
0.0035215 3.3
0.003521502 0
0.003542 0
0.003542002 3.3
0.0035626 3.3
0.003562602 0
0.003585 0
0.003585002 3.3
0.0036094 3.3
0.003609402 0
0.0036378 0
0.003637802 3.3
0.0036739 3.3
0.003673902 0
0.0038272 0
0.003827202 3.3
0.0038633 3.3
0.003863302 0
0.0038917 0
0.003891702 3.3
0.0039161 3.3
0.003916102 0
0.0039385 0
0.003938502 3.3
0.003959 3.3
0.003959002 0
0.0039795 0
0.003979502 3.3
0.0040001 3.3
0.004000102 0
0.0040196 0
0.004019602 3.3
0.0040401 3.3
0.004040102 0
0.0040616 0
0.004061602 3.3
0.004084 3.3
0.004084002 0
0.0041085 0
0.004108502 3.3
0.0041358 3.3
0.004135802 0
0.004171 0
0.004171002 3.3
0.0043301 3.3
0.004330102 0
0.0043653 0
0.004365302 3.3
0.0043926 3.3
0.004392602 0
0.004417 0
0.004417002 3.3
0.0044395 3.3
0.004439502 0
0.004461 0
0.004461002 3.3
0.0044815 3.3
0.004481502 0
0.004501 0
0.004501002 3.3
0.0045215 3.3
0.004521502 0
0.004542 0
0.004542002 3.3
0.0045626 3.3
0.004562602 0
0.004585 0
0.004585002 3.3
0.0046094 3.3
0.004609402 0
0.0046378 0
0.004637802 3.3
0.0046739 3.3
0.004673902 0
0.0048272 0
0.004827202 3.3
0.0048633 3.3
0.004863302 0
0.0048917 0
0.004891702 3.3
0.0049161 3.3
0.004916102 0
0.0049385 0
0.004938502 3.3
0.004959 3.3
0.004959002 0
0.0049796 0
0.004979602 3.3
0.0050001 3.3
