0 0
1e-06 0
1.002e-06 3.3
2e-06 3.3
2.002e-06 0
4e-06 0
4.002e-06 3.3
4.9e-06 3.3
4.902e-06 0
5.9e-06 0
5.902e-06 3.3
7.9e-06 3.3
7.902e-06 0
8.8e-06 0
8.802e-06 3.3
9.8e-06 3.3
9.802e-06 0
1.08e-05 0
1.0802e-05 3.3
1.27e-05 3.3
1.2702e-05 0
1.37e-05 0
1.3702e-05 3.3
1.47e-05 3.3
1.4702e-05 0
1.67e-05 0
1.6702e-05 3.3
1.76e-05 3.3
1.7602e-05 0
1.86e-05 0
1.8602e-05 3.3
1.96e-05 3.3
1.9602e-05 0
2.15e-05 0
2.1502e-05 3.3
2.25e-05 3.3
2.2502e-05 0
2.35e-05 0
2.3502e-05 3.3
2.54e-05 3.3
2.5402e-05 0
2.64e-05 0
2.6402e-05 3.3
2.74e-05 3.3
2.7402e-05 0
2.93e-05 0
2.9302e-05 3.3
3.03e-05 3.3
3.0302e-05 0
3.13e-05 0
3.1302e-05 3.3
3.23e-05 3.3
3.2302e-05 0
3.42e-05 0
3.4202e-05 3.3
3.52e-05 3.3
3.5202e-05 0
3.62e-05 0
3.6202e-05 3.3
3.81e-05 3.3
3.8102e-05 0
3.91e-05 0
3.9102e-05 3.3
4.01e-05 3.3
4.0102e-05 0
4.2e-05 0
4.2002e-05 3.3
4.3e-05 3.3
4.3002e-05 0
4.4e-05 0
4.4002e-05 3.3
4.59e-05 3.3
4.5902e-05 0
4.69e-05 0
4.6902e-05 3.3
4.79e-05 3.3
4.7902e-05 0
4.99e-05 0
4.9902e-05 3.3
5.08e-05 3.3
5.0802e-05 0
5.18e-05 0
5.1802e-05 3.3
5.38e-05 3.3
5.3802e-05 0
5.47e-05 0
5.4702e-05 3.3
5.57e-05 3.3
5.5702e-05 0
5.77e-05 0
5.7702e-05 3.3
5.86e-05 3.3
5.8602e-05 0
6.06e-05 0
6.0602e-05 3.3
6.16e-05 3.3
6.1602e-05 0
6.26e-05 0
6.2602e-05 3.3
6.45e-05 3.3
6.4502e-05 0
6.55e-05 0
6.5502e-05 3.3
6.74e-05 3.3
6.7402e-05 0
6.84e-05 0
6.8402e-05 3.3
6.94e-05 3.3
6.9402e-05 0
7.13e-05 0
7.1302e-05 3.3
7.23e-05 3.3
7.2302e-05 0
7.43e-05 0
7.4302e-05 3.3
7.52e-05 3.3
7.5202e-05 0
7.72e-05 0
7.7202e-05 3.3
7.82e-05 3.3
7.8202e-05 0
7.92e-05 0
7.9202e-05 3.3
8.11e-05 3.3
8.1102e-05 0
8.21e-05 0
8.2102e-05 3.3
8.4e-05 3.3
8.4002e-05 0
8.5e-05 0
8.5002e-05 3.3
8.7e-05 3.3
8.7002e-05 0
8.79e-05 0
8.7902e-05 3.3
8.99e-05 3.3
8.9902e-05 0
9.09e-05 0
9.0902e-05 3.3
9.28e-05 3.3
9.2802e-05 0
9.38e-05 0
9.3802e-05 3.3
9.58e-05 3.3
9.5802e-05 0
9.77e-05 0
9.7702e-05 3.3
9.87e-05 3.3
9.8702e-05 0
0.0001006 0
0.000100602 3.3
0.0001016 3.3
0.000101602 0
0.0001036 0
0.000103602 3.3
0.0001045 3.3
0.000104502 0
0.0001065 0
0.000106502 3.3
0.0001084 3.3
0.000108402 0
0.0001094 0
0.000109402 3.3
0.0001114 3.3
0.000111402 0
0.0001133 0
0.000113302 3.3
0.0001143 3.3
0.000114302 0
0.0001163 0
0.000116302 3.3
0.0001182 3.3
0.000118202 0
0.0001202 0
0.000120202 3.3
0.0001211 3.3
0.000121102 0
0.0001231 0
0.000123102 3.3
0.0001251 3.3
0.000125102 0
0.000127 0
0.000127002 3.3
0.000129 3.3
0.000129002 0
0.0001299 0
0.000129902 3.3
0.0001319 3.3
0.000131902 0
0.0001338 0
0.000133802 3.3
0.0001358 3.3
0.000135802 0
0.0001377 0
0.000137702 3.3
0.0001397 3.3
0.000139702 0
0.0001417 0
0.000141702 3.3
0.0001436 3.3
0.000143602 0
0.0001456 0
0.000145602 3.3
0.0001475 3.3
0.000147502 0
0.0001504 0
0.000150402 3.3
0.0001524 3.3
0.000152402 0
0.0001543 0
0.000154302 3.3
0.0001563 3.3
0.000156302 0
0.0001592 0
0.000159202 3.3
0.0001612 3.3
0.000161202 0
0.0001631 0
0.000163102 3.3
0.0001661 3.3
0.000166102 0
0.000168 0
0.000168002 3.3
0.0001709 3.3
0.000170902 0
0.0001739 0
0.000173902 3.3
0.0001768 3.3
0.000176802 0
0.0001797 0
0.000179702 3.3
0.0001827 3.3
0.000182702 0
0.0001856 0
0.000185602 3.3
0.0001885 3.3
0.000188502 0
0.0001924 0
0.000192402 3.3
0.0001954 3.3
0.000195402 0
0.0001993 0
0.000199302 3.3
0.0002032 3.3
0.000203202 0
0.0002081 0
0.000208102 3.3
0.0002129 3.3
0.000212902 0
0.0002188 0
0.000218802 3.3
0.0002256 3.3
0.000225602 0
0.0002364 0
0.000236402 3.3
0.0002647 3.3
0.000264702 0
0.0002754 0
0.000275402 3.3
0.0002823 3.3
0.000282302 0
0.0002881 0
0.000288102 3.3
0.000293 3.3
0.000293002 0
0.0002979 0
0.000297902 3.3
0.0003018 3.3
0.000301802 0
0.0003057 0
0.000305702 3.3
0.0003086 3.3
0.000308602 0
0.0003126 0
0.000312602 3.3
0.0003155 3.3
0.000315502 0
0.0003184 0
0.000318402 3.3
0.0003213 3.3
0.000321302 0
0.0003243 0
0.000324302 3.3
0.0003272 3.3
0.000327202 0
0.0003301 0
0.000330102 3.3
0.0003331 3.3
0.000333102 0
0.000335 0
0.000335002 3.3
0.0003379 3.3
0.000337902 0
0.0003399 0
0.000339902 3.3
0.0003418 3.3
0.000341802 0
0.0003448 0
0.000344802 3.3
0.0003467 3.3
0.000346702 0
0.0003487 0
0.000348702 3.3
0.0003506 3.3
0.000350602 0
0.0003536 0
0.000353602 3.3
0.0003555 3.3
0.000355502 0
0.0003575 0
0.000357502 3.3
0.0003594 3.3
0.000359402 0
0.0003614 0
0.000361402 3.3
0.0003633 3.3
0.000363302 0
0.0003653 0
0.000365302 3.3
0.0003672 3.3
0.000367202 0
0.0003692 0
0.000369202 3.3
0.0003711 3.3
0.000371102 0
0.0003721 0
0.000372102 3.3
0.0003741 3.3
0.000374102 0
0.000376 0
0.000376002 3.3
0.000378 3.3
0.000378002 0
0.0003799 0
0.000379902 3.3
0.0003809 3.3
0.000380902 0
0.0003829 0
0.000382902 3.3
0.0003848 3.3
0.000384802 0
0.0003868 0
0.000386802 3.3
0.0003877 3.3
0.000387702 0
0.0003897 0
0.000389702 3.3
0.0003917 3.3
0.000391702 0
0.0003926 0
0.000392602 3.3
0.0003946 3.3
0.000394602 0
0.0003965 0
0.000396502 3.3
0.0003975 3.3
0.000397502 0
0.0003995 0
0.000399502 3.3
0.0004004 3.3
0.000400402 0
0.0004024 0
0.000402402 3.3
0.0004034 3.3
0.000403402 0
0.0004053 0
0.000405302 3.3
0.0004073 3.3
0.000407302 0
0.0004083 0
0.000408302 3.3
0.0004102 3.3
0.000410202 0
0.0004112 0
0.000411202 3.3
0.0004131 3.3
0.000413102 0
0.0004141 0
0.000414102 3.3
0.0004161 3.3
0.000416102 0
0.000417 0
0.000417002 3.3
0.000419 3.3
0.000419002 0
0.00042 0
0.000420002 3.3
0.0004219 3.3
0.000421902 0
0.0004229 0
0.000422902 3.3
0.0004239 3.3
0.000423902 0
0.0004258 0
0.000425802 3.3
0.0004268 3.3
0.000426802 0
0.0004288 0
0.000428802 3.3
0.0004297 3.3
0.000429702 0
0.0004317 0
0.000431702 3.3
0.0004327 3.3
0.000432702 0
0.0004336 0
0.000433602 3.3
0.0004356 3.3
0.000435602 0
0.0004366 0
0.000436602 3.3
0.0004385 3.3
0.000438502 0
0.0004395 0
0.000439502 3.3
0.0004405 3.3
0.000440502 0
0.0004424 0
0.000442402 3.3
0.0004434 3.3
0.000443402 0
0.0004454 0
0.000445402 3.3
0.0004463 3.3
0.000446302 0
0.0004473 0
0.000447302 3.3
0.0004493 3.3
0.000449302 0
0.0004502 0
0.000450202 3.3
0.0004512 3.3
0.000451202 0
0.0004532 0
0.000453202 3.3
0.0004542 3.3
0.000454202 0
0.0004551 0
0.000455102 3.3
0.0004571 3.3
0.000457102 0
0.0004581 0
0.000458102 3.3
0.000459 3.3
0.000459002 0
0.000461 0
0.000461002 3.3
0.000462 3.3
0.000462002 0
0.0004629 0
0.000462902 3.3
0.0004649 3.3
0.000464902 0
0.0004659 0
0.000465902 3.3
0.0004668 3.3
0.000466802 0
0.0004688 0
0.000468802 3.3
0.0004698 3.3
0.000469802 0
0.0004708 0
0.000470802 3.3
0.0004717 3.3
0.000471702 0
0.0004737 0
0.000473702 3.3
0.0004747 3.3
0.000474702 0
0.0004756 0
0.000475602 3.3
0.0004776 3.3
0.000477602 0
0.0004786 0
0.000478602 3.3
0.0004795 3.3
0.000479502 0
0.0004815 0
0.000481502 3.3
0.0004825 3.3
0.000482502 0
0.0004834 0
0.000483402 3.3
0.0004844 3.3
0.000484402 0
0.0004864 0
0.000486402 3.3
0.0004874 3.3
0.000487402 0
0.0004883 0
0.000488302 3.3
0.0004903 3.3
0.000490302 0
0.0004913 0
0.000491302 3.3
0.0004922 3.3
0.000492202 0
0.0004932 0
0.000493202 3.3
0.0004952 3.3
0.000495202 0
0.0004961 0
0.000496102 3.3
0.0004971 3.3
0.000497102 0
0.0004991 0
0.000499102 3.3
0.0005001 3.3
0.000500102 0
0.000501 0
0.000501002 3.3
0.000502 3.3
0.000502002 0
0.000504 0
0.000504002 3.3
0.0005049 3.3
0.000504902 0
0.0005059 0
0.000505902 3.3
0.0005079 3.3
0.000507902 0
0.0005088 0
0.000508802 3.3
0.0005098 3.3
0.000509802 0
0.0005108 0
0.000510802 3.3
0.0005127 3.3
0.000512702 0
0.0005137 0
0.000513702 3.3
0.0005147 3.3
0.000514702 0
0.0005167 0
0.000516702 3.3
0.0005176 3.3
0.000517602 0
0.0005186 0
0.000518602 3.3
0.0005196 3.3
0.000519602 0
0.0005215 0
0.000521502 3.3
0.0005225 3.3
0.000522502 0
0.0005235 0
0.000523502 3.3
0.0005254 3.3
0.000525402 0
0.0005264 0
0.000526402 3.3
0.0005274 3.3
0.000527402 0
0.0005293 0
0.000529302 3.3
0.0005303 3.3
0.000530302 0
0.0005313 0
0.000531302 3.3
0.0005323 3.3
0.000532302 0
0.0005342 0
0.000534202 3.3
0.0005352 3.3
0.000535202 0
0.0005362 0
0.000536202 3.3
0.0005381 3.3
0.000538102 0
0.0005391 0
0.000539102 3.3
0.0005401 3.3
0.000540102 0
0.000542 0
0.000542002 3.3
0.000543 3.3
0.000543002 0
0.000544 0
0.000544002 3.3
0.0005459 3.3
0.000545902 0
0.0005469 0
0.000546902 3.3
0.0005479 3.3
0.000547902 0
0.0005499 0
0.000549902 3.3
0.0005508 3.3
0.000550802 0
0.0005518 0
0.000551802 3.3
0.0005538 3.3
0.000553802 0
0.0005547 0
0.000554702 3.3
0.0005557 3.3
0.000555702 0
0.0005577 0
0.000557702 3.3
0.0005586 3.3
0.000558602 0
0.0005606 0
0.000560602 3.3
0.0005616 3.3
0.000561602 0
0.0005626 0
0.000562602 3.3
0.0005645 3.3
0.000564502 0
0.0005655 0
0.000565502 3.3
0.0005674 3.3
0.000567402 0
0.0005684 0
0.000568402 3.3
0.0005694 3.3
0.000569402 0
0.0005713 0
0.000571302 3.3
0.0005723 3.3
0.000572302 0
0.0005743 0
0.000574302 3.3
0.0005752 3.3
0.000575202 0
0.0005772 0
0.000577202 3.3
0.0005782 3.3
0.000578202 0
0.0005792 0
0.000579202 3.3
0.0005811 3.3
0.000581102 0
0.0005821 0
0.000582102 3.3
0.000584 3.3
0.000584002 0
0.000585 0
0.000585002 3.3
0.000587 3.3
0.000587002 0
0.0005879 0
0.000587902 3.3
0.0005899 3.3
0.000589902 0
0.0005909 0
0.000590902 3.3
0.0005928 3.3
0.000592802 0
0.0005938 0
0.000593802 3.3
0.0005958 3.3
0.000595802 0
0.0005977 0
0.000597702 3.3
0.0005987 3.3
0.000598702 0
0.0006006 0
0.000600602 3.3
0.0006016 3.3
0.000601602 0
0.0006036 0
0.000603602 3.3
0.0006045 3.3
0.000604502 0
0.0006065 0
0.000606502 3.3
0.0006084 3.3
0.000608402 0
0.0006094 0
0.000609402 3.3
0.0006114 3.3
0.000611402 0
0.0006133 0
0.000613302 3.3
0.0006143 3.3
0.000614302 0
0.0006163 0
0.000616302 3.3
0.0006182 3.3
0.000618202 0
0.0006202 0
0.000620202 3.3
0.0006211 3.3
0.000621102 0
0.0006231 0
0.000623102 3.3
0.0006251 3.3
0.000625102 0
0.000627 0
0.000627002 3.3
0.000629 3.3
0.000629002 0
0.0006299 0
0.000629902 3.3
0.0006319 3.3
0.000631902 0
0.0006338 0
0.000633802 3.3
0.0006358 3.3
0.000635802 0
0.0006377 0
0.000637702 3.3
0.0006397 3.3
0.000639702 0
0.0006417 0
0.000641702 3.3
0.0006436 3.3
0.000643602 0
0.0006456 0
0.000645602 3.3
0.0006475 3.3
0.000647502 0
0.0006504 0
0.000650402 3.3
0.0006524 3.3
0.000652402 0
0.0006543 0
0.000654302 3.3
0.0006563 3.3
0.000656302 0
0.0006592 0
0.000659202 3.3
0.0006612 3.3
0.000661202 0
0.0006631 0
0.000663102 3.3
0.0006661 3.3
0.000666102 0
0.000668 0
0.000668002 3.3
0.0006709 3.3
0.000670902 0
0.0006739 0
0.000673902 3.3
0.0006768 3.3
0.000676802 0
0.0006797 0
0.000679702 3.3
0.0006827 3.3
0.000682702 0
0.0006856 0
0.000685602 3.3
0.0006885 3.3
0.000688502 0
0.0006924 0
0.000692402 3.3
0.0006954 3.3
0.000695402 0
0.0006993 0
0.000699302 3.3
0.0007032 3.3
0.000703202 0
0.0007081 0
0.000708102 3.3
0.0007129 3.3
0.000712902 0
0.0007188 0
0.000718802 3.3
0.0007256 3.3
0.000725602 0
0.0007364 0
0.000736402 3.3
0.0007647 3.3
0.000764702 0
0.0007754 0
0.000775402 3.3
0.0007823 3.3
0.000782302 0
0.0007881 0
0.000788102 3.3
0.000793 3.3
0.000793002 0
0.0007979 0
0.000797902 3.3
0.0008018 3.3
0.000801802 0
0.0008057 0
0.000805702 3.3
0.0008086 3.3
0.000808602 0
0.0008126 0
0.000812602 3.3
0.0008155 3.3
0.000815502 0
0.0008184 0
0.000818402 3.3
0.0008213 3.3
0.000821302 0
0.0008243 0
0.000824302 3.3
0.0008272 3.3
0.000827202 0
0.0008301 0
0.000830102 3.3
0.0008331 3.3
0.000833102 0
0.000835 0
0.000835002 3.3
0.0008379 3.3
0.000837902 0
0.0008399 0
0.000839902 3.3
0.0008418 3.3
0.000841802 0
0.0008448 0
0.000844802 3.3
0.0008467 3.3
0.000846702 0
0.0008487 0
0.000848702 3.3
0.0008506 3.3
0.000850602 0
0.0008536 0
0.000853602 3.3
0.0008555 3.3
0.000855502 0
0.0008575 0
0.000857502 3.3
0.0008594 3.3
0.000859402 0
0.0008614 0
0.000861402 3.3
0.0008633 3.3
0.000863302 0
0.0008653 0
0.000865302 3.3
0.0008672 3.3
0.000867202 0
0.0008692 0
0.000869202 3.3
0.0008711 3.3
0.000871102 0
0.0008721 0
0.000872102 3.3
0.0008741 3.3
0.000874102 0
0.000876 0
0.000876002 3.3
0.000878 3.3
0.000878002 0
0.0008799 0
0.000879902 3.3
0.0008809 3.3
0.000880902 0
0.0008829 0
0.000882902 3.3
0.0008848 3.3
0.000884802 0
0.0008868 0
0.000886802 3.3
0.0008877 3.3
0.000887702 0
0.0008897 0
0.000889702 3.3
0.0008917 3.3
0.000891702 0
0.0008926 0
0.000892602 3.3
0.0008946 3.3
0.000894602 0
0.0008965 0
0.000896502 3.3
0.0008975 3.3
0.000897502 0
0.0008995 0
0.000899502 3.3
0.0009004 3.3
0.000900402 0
0.0009024 0
0.000902402 3.3
0.0009034 3.3
0.000903402 0
0.0009053 0
0.000905302 3.3
0.0009073 3.3
0.000907302 0
0.0009083 0
0.000908302 3.3
0.0009102 3.3
0.000910202 0
0.0009112 0
0.000911202 3.3
0.0009131 3.3
0.000913102 0
0.0009141 0
0.000914102 3.3
0.0009161 3.3
0.000916102 0
0.000917 0
0.000917002 3.3
0.000919 3.3
0.000919002 0
0.00092 0
0.000920002 3.3
0.0009219 3.3
0.000921902 0
0.0009229 0
0.000922902 3.3
0.0009239 3.3
0.000923902 0
0.0009258 0
0.000925802 3.3
0.0009268 3.3
0.000926802 0
0.0009288 0
0.000928802 3.3
0.0009297 3.3
0.000929702 0
0.0009317 0
0.000931702 3.3
0.0009327 3.3
0.000932702 0
0.0009336 0
0.000933602 3.3
0.0009356 3.3
0.000935602 0
0.0009366 0
0.000936602 3.3
0.0009385 3.3
0.000938502 0
0.0009395 0
0.000939502 3.3
0.0009405 3.3
0.000940502 0
0.0009424 0
0.000942402 3.3
0.0009434 3.3
0.000943402 0
0.0009454 0
0.000945402 3.3
0.0009463 3.3
0.000946302 0
0.0009473 0
0.000947302 3.3
0.0009493 3.3
0.000949302 0
0.0009502 0
0.000950202 3.3
0.0009512 3.3
0.000951202 0
0.0009532 0
0.000953202 3.3
0.0009542 3.3
0.000954202 0
0.0009551 0
0.000955102 3.3
0.0009571 3.3
0.000957102 0
0.0009581 0
0.000958102 3.3
0.000959 3.3
0.000959002 0
0.000961 0
0.000961002 3.3
0.000962 3.3
0.000962002 0
0.0009629 0
0.000962902 3.3
0.0009649 3.3
0.000964902 0
0.0009659 0
0.000965902 3.3
0.0009668 3.3
0.000966802 0
0.0009688 0
0.000968802 3.3
0.0009698 3.3
0.000969802 0
0.0009708 0
0.000970802 3.3
0.0009717 3.3
0.000971702 0
0.0009737 0
0.000973702 3.3
0.0009747 3.3
0.000974702 0
0.0009756 0
0.000975602 3.3
0.0009776 3.3
0.000977602 0
0.0009786 0
0.000978602 3.3
0.0009795 3.3
0.000979502 0
0.0009815 0
0.000981502 3.3
0.0009825 3.3
0.000982502 0
0.0009835 0
0.000983502 3.3
0.0009844 3.3
0.000984402 0
0.0009864 0
0.000986402 3.3
0.0009874 3.3
0.000987402 0
0.0009883 0
0.000988302 3.3
0.0009903 3.3
0.000990302 0
0.0009913 0
0.000991302 3.3
0.0009922 3.3
0.000992202 0
0.0009932 0
0.000993202 3.3
0.0009952 3.3
0.000995202 0
0.0009961 0
0.000996102 3.3
0.0009971 3.3
0.000997102 0
0.0009991 0
0.000999102 3.3
0.0010001 3.3
0.001000102 0
0.001001 0
0.001001002 3.3
0.001002 3.3
0.001002002 0
0.001004 0
0.001004002 3.3
0.0010049 3.3
0.001004902 0
0.0010059 0
0.001005902 3.3
0.0010079 3.3
0.001007902 0
0.0010088 0
0.001008802 3.3
0.0010098 3.3
0.001009802 0
0.0010108 0
0.001010802 3.3
0.0010127 3.3
0.001012702 0
0.0010137 0
0.001013702 3.3
0.0010147 3.3
0.001014702 0
0.0010167 0
0.001016702 3.3
0.0010176 3.3
0.001017602 0
0.0010186 0
0.001018602 3.3
0.0010196 3.3
0.001019602 0
0.0010215 0
0.001021502 3.3
0.0010225 3.3
0.001022502 0
0.0010235 0
0.001023502 3.3
0.0010254 3.3
0.001025402 0
0.0010264 0
0.001026402 3.3
0.0010274 3.3
0.001027402 0
0.0010293 0
0.001029302 3.3
0.0010303 3.3
0.001030302 0
0.0010313 0
0.001031302 3.3
0.0010323 3.3
0.001032302 0
0.0010342 0
0.001034202 3.3
0.0010352 3.3
0.001035202 0
0.0010362 0
0.001036202 3.3
0.0010381 3.3
0.001038102 0
0.0010391 0
0.001039102 3.3
0.0010401 3.3
0.001040102 0
0.001042 0
0.001042002 3.3
0.001043 3.3
0.001043002 0
0.001044 0
0.001044002 3.3
0.001046 3.3
0.001046002 0
0.0010469 0
0.001046902 3.3
0.0010479 3.3
0.001047902 0
0.0010499 0
0.001049902 3.3
0.0010508 3.3
0.001050802 0
0.0010518 0
0.001051802 3.3
0.0010538 3.3
0.001053802 0
0.0010547 0
0.001054702 3.3
0.0010557 3.3
0.001055702 0
0.0010577 0
0.001057702 3.3
0.0010586 3.3
0.001058602 0
0.0010606 0
0.001060602 3.3
0.0010616 3.3
0.001061602 0
0.0010626 0
0.001062602 3.3
0.0010645 3.3
0.001064502 0
0.0010655 0
0.001065502 3.3
0.0010674 3.3
0.001067402 0
0.0010684 0
0.001068402 3.3
0.0010694 3.3
0.001069402 0
0.0010713 0
0.001071302 3.3
0.0010723 3.3
0.001072302 0
0.0010743 0
0.001074302 3.3
0.0010752 3.3
0.001075202 0
0.0010772 0
0.001077202 3.3
0.0010782 3.3
0.001078202 0
0.0010792 0
0.001079202 3.3
0.0010811 3.3
0.001081102 0
0.0010821 0
0.001082102 3.3
0.001084 3.3
0.001084002 0
0.001085 0
0.001085002 3.3
0.001087 3.3
0.001087002 0
0.0010879 0
0.001087902 3.3
0.0010899 3.3
0.001089902 0
0.0010909 0
0.001090902 3.3
0.0010928 3.3
0.001092802 0
0.0010938 0
0.001093802 3.3
0.0010958 3.3
0.001095802 0
0.0010977 0
0.001097702 3.3
0.0010987 3.3
0.001098702 0
0.0011006 0
0.001100602 3.3
0.0011016 3.3
0.001101602 0
0.0011036 0
0.001103602 3.3
0.0011045 3.3
0.001104502 0
0.0011065 0
0.001106502 3.3
0.0011085 3.3
0.001108502 0
0.0011094 0
0.001109402 3.3
0.0011114 3.3
0.001111402 0
0.0011133 0
0.001113302 3.3
0.0011143 3.3
0.001114302 0
0.0011163 0
0.001116302 3.3
0.0011182 3.3
0.001118202 0
0.0011202 0
0.001120202 3.3
0.0011211 3.3
0.001121102 0
0.0011231 0
0.001123102 3.3
0.0011251 3.3
0.001125102 0
0.001127 0
0.001127002 3.3
0.001129 3.3
0.001129002 0
0.0011299 0
0.001129902 3.3
0.0011319 3.3
0.001131902 0
0.0011338 0
0.001133802 3.3
0.0011358 3.3
0.001135802 0
0.0011377 0
0.001137702 3.3
0.0011397 3.3
0.001139702 0
0.0011417 0
0.001141702 3.3
0.0011436 3.3
0.001143602 0
0.0011456 0
0.001145602 3.3
0.0011475 3.3
0.001147502 0
0.0011504 0
0.001150402 3.3
0.0011524 3.3
0.001152402 0
0.0011543 0
0.001154302 3.3
0.0011563 3.3
0.001156302 0
0.0011592 0
0.001159202 3.3
0.0011612 3.3
0.001161202 0
0.0011631 0
0.001163102 3.3
0.0011661 3.3
0.001166102 0
0.001168 0
0.001168002 3.3
0.001171 3.3
0.001171002 0
0.0011739 0
0.001173902 3.3
0.0011768 3.3
0.001176802 0
0.0011797 0
0.001179702 3.3
0.0011827 3.3
0.001182702 0
0.0011856 0
0.001185602 3.3
0.0011885 3.3
0.001188502 0
0.0011924 0
0.001192402 3.3
0.0011954 3.3
0.001195402 0
0.0011993 0
0.001199302 3.3
0.0012032 3.3
0.001203202 0
0.0012081 0
0.001208102 3.3
0.0012129 3.3
0.001212902 0
0.0012188 0
0.001218802 3.3
0.0012256 3.3
0.001225602 0
0.0012364 0
0.001236402 3.3
0.0012647 3.3
0.001264702 0
0.0012754 0
0.001275402 3.3
0.0012823 3.3
0.001282302 0
0.0012881 0
0.001288102 3.3
0.001293 3.3
0.001293002 0
0.0012979 0
0.001297902 3.3
0.0013018 3.3
0.001301802 0
0.0013057 0
0.001305702 3.3
0.0013086 3.3
0.001308602 0
0.0013126 0
0.001312602 3.3
0.0013155 3.3
0.001315502 0
0.0013184 0
0.001318402 3.3
0.0013213 3.3
0.001321302 0
0.0013243 0
0.001324302 3.3
0.0013272 3.3
0.001327202 0
0.0013301 0
0.001330102 3.3
0.0013331 3.3
0.001333102 0
0.001335 0
0.001335002 3.3
0.0013379 3.3
0.001337902 0
0.0013399 0
0.001339902 3.3
0.0013418 3.3
0.001341802 0
0.0013448 0
0.001344802 3.3
0.0013467 3.3
0.001346702 0
0.0013487 0
0.001348702 3.3
0.0013506 3.3
0.001350602 0
0.0013536 0
0.001353602 3.3
0.0013555 3.3
0.001355502 0
0.0013575 0
0.001357502 3.3
0.0013594 3.3
0.001359402 0
0.0013614 0
0.001361402 3.3
0.0013633 3.3
0.001363302 0
0.0013653 0
0.001365302 3.3
0.0013672 3.3
0.001367202 0
0.0013692 0
0.001369202 3.3
0.0013711 3.3
0.001371102 0
0.0013721 0
0.001372102 3.3
0.0013741 3.3
0.001374102 0
0.001376 0
0.001376002 3.3
0.001378 3.3
0.001378002 0
0.0013799 0
0.001379902 3.3
0.0013809 3.3
0.001380902 0
0.0013829 0
0.001382902 3.3
0.0013848 3.3
0.001384802 0
0.0013868 0
0.001386802 3.3
0.0013877 3.3
0.001387702 0
0.0013897 0
0.001389702 3.3
0.0013917 3.3
0.001391702 0
0.0013926 0
0.001392602 3.3
0.0013946 3.3
0.001394602 0
0.0013965 0
0.001396502 3.3
0.0013975 3.3
0.001397502 0
0.0013995 0
0.001399502 3.3
0.0014004 3.3
0.001400402 0
0.0014024 0
0.001402402 3.3
0.0014034 3.3
0.001403402 0
0.0014053 0
0.001405302 3.3
0.0014073 3.3
0.001407302 0
0.0014083 0
0.001408302 3.3
0.0014102 3.3
0.001410202 0
0.0014112 0
0.001411202 3.3
0.0014131 3.3
0.001413102 0
0.0014141 0
0.001414102 3.3
0.0014161 3.3
0.001416102 0
0.001417 0
0.001417002 3.3
0.001419 3.3
0.001419002 0
0.00142 0
0.001420002 3.3
0.0014219 3.3
0.001421902 0
0.0014229 0
0.001422902 3.3
0.0014239 3.3
0.001423902 0
0.0014258 0
0.001425802 3.3
0.0014268 3.3
0.001426802 0
0.0014288 0
0.001428802 3.3
0.0014297 3.3
0.001429702 0
0.0014317 0
0.001431702 3.3
0.0014327 3.3
0.001432702 0
0.0014336 0
0.001433602 3.3
0.0014356 3.3
0.001435602 0
0.0014366 0
0.001436602 3.3
0.0014385 3.3
0.001438502 0
0.0014395 0
0.001439502 3.3
0.0014405 3.3
0.001440502 0
0.0014424 0
0.001442402 3.3
0.0014434 3.3
0.001443402 0
0.0014454 0
0.001445402 3.3
0.0014463 3.3
0.001446302 0
0.0014473 0
0.001447302 3.3
0.0014493 3.3
0.001449302 0
0.0014502 0
0.001450202 3.3
0.0014512 3.3
0.001451202 0
0.0014532 0
0.001453202 3.3
0.0014542 3.3
0.001454202 0
0.0014551 0
0.001455102 3.3
0.0014571 3.3
0.001457102 0
0.0014581 0
0.001458102 3.3
0.001459 3.3
0.001459002 0
0.001461 0
0.001461002 3.3
0.001462 3.3
0.001462002 0
0.0014629 0
0.001462902 3.3
0.0014649 3.3
0.001464902 0
0.0014659 0
0.001465902 3.3
0.0014668 3.3
0.001466802 0
0.0014688 0
0.001468802 3.3
0.0014698 3.3
0.001469802 0
0.0014708 0
0.001470802 3.3
0.0014717 3.3
0.001471702 0
0.0014737 0
0.001473702 3.3
0.0014747 3.3
0.001474702 0
0.0014756 0
0.001475602 3.3
0.0014776 3.3
0.001477602 0
0.0014786 0
0.001478602 3.3
0.0014795 3.3
0.001479502 0
0.0014815 0
0.001481502 3.3
0.0014825 3.3
0.001482502 0
0.0014835 0
0.001483502 3.3
0.0014844 3.3
0.001484402 0
0.0014864 0
0.001486402 3.3
0.0014874 3.3
0.001487402 0
0.0014883 0
0.001488302 3.3
0.0014903 3.3
0.001490302 0
0.0014913 0
0.001491302 3.3
0.0014922 3.3
0.001492202 0
0.0014932 0
0.001493202 3.3
0.0014952 3.3
0.001495202 0
0.0014961 0
0.001496102 3.3
0.0014971 3.3
0.001497102 0
0.0014991 0
0.001499102 3.3
0.0015001 3.3
0.001500102 0
0.001501 0
0.001501002 3.3
0.001502 3.3
0.001502002 0
0.001504 0
0.001504002 3.3
0.0015049 3.3
0.001504902 0
0.0015059 0
0.001505902 3.3
0.0015079 3.3
0.001507902 0
0.0015088 0
0.001508802 3.3
0.0015098 3.3
0.001509802 0
0.0015108 0
0.001510802 3.3
0.0015127 3.3
0.001512702 0
0.0015137 0
0.001513702 3.3
0.0015147 3.3
0.001514702 0
0.0015167 0
0.001516702 3.3
0.0015176 3.3
0.001517602 0
0.0015186 0
0.001518602 3.3
0.0015196 3.3
0.001519602 0
0.0015215 0
0.001521502 3.3
0.0015225 3.3
0.001522502 0
0.0015235 0
0.001523502 3.3
0.0015254 3.3
0.001525402 0
0.0015264 0
0.001526402 3.3
0.0015274 3.3
0.001527402 0
0.0015293 0
0.001529302 3.3
0.0015303 3.3
0.001530302 0
0.0015313 0
0.001531302 3.3
0.0015323 3.3
0.001532302 0
0.0015342 0
0.001534202 3.3
0.0015352 3.3
0.001535202 0
0.0015362 0
0.001536202 3.3
0.0015381 3.3
0.001538102 0
0.0015391 0
0.001539102 3.3
0.0015401 3.3
0.001540102 0
0.001542 0
0.001542002 3.3
0.001543 3.3
0.001543002 0
0.001544 0
0.001544002 3.3
0.001546 3.3
0.001546002 0
0.0015469 0
0.001546902 3.3
0.0015479 3.3
0.001547902 0
0.0015499 0
0.001549902 3.3
0.0015508 3.3
0.001550802 0
0.0015518 0
0.001551802 3.3
0.0015538 3.3
0.001553802 0
0.0015547 0
0.001554702 3.3
0.0015557 3.3
0.001555702 0
0.0015577 0
0.001557702 3.3
0.0015586 3.3
0.001558602 0
0.0015606 0
0.001560602 3.3
0.0015616 3.3
0.001561602 0
0.0015626 0
0.001562602 3.3
0.0015645 3.3
0.001564502 0
0.0015655 0
0.001565502 3.3
0.0015674 3.3
0.001567402 0
0.0015684 0
0.001568402 3.3
0.0015694 3.3
0.001569402 0
0.0015713 0
0.001571302 3.3
0.0015723 3.3
0.001572302 0
0.0015743 0
0.001574302 3.3
0.0015752 3.3
0.001575202 0
0.0015772 0
0.001577202 3.3
0.0015782 3.3
0.001578202 0
0.0015792 0
0.001579202 3.3
0.0015811 3.3
0.001581102 0
0.0015821 0
0.001582102 3.3
0.001584 3.3
0.001584002 0
0.001585 0
0.001585002 3.3
0.001587 3.3
0.001587002 0
0.0015879 0
0.001587902 3.3
0.0015899 3.3
0.001589902 0
0.0015909 0
0.001590902 3.3
0.0015928 3.3
0.001592802 0
0.0015938 0
0.001593802 3.3
0.0015958 3.3
0.001595802 0
0.0015977 0
0.001597702 3.3
0.0015987 3.3
0.001598702 0
0.0016006 0
0.001600602 3.3
0.0016016 3.3
0.001601602 0
0.0016036 0
0.001603602 3.3
0.0016045 3.3
0.001604502 0
0.0016065 0
0.001606502 3.3
0.0016085 3.3
0.001608502 0
0.0016094 0
0.001609402 3.3
0.0016114 3.3
0.001611402 0
0.0016133 0
0.001613302 3.3
0.0016143 3.3
0.001614302 0
0.0016163 0
0.001616302 3.3
0.0016182 3.3
0.001618202 0
0.0016202 0
0.001620202 3.3
0.0016211 3.3
0.001621102 0
0.0016231 0
0.001623102 3.3
0.0016251 3.3
0.001625102 0
0.001627 0
0.001627002 3.3
0.001629 3.3
0.001629002 0
0.0016299 0
0.001629902 3.3
0.0016319 3.3
0.001631902 0
0.0016338 0
0.001633802 3.3
0.0016358 3.3
0.001635802 0
0.0016377 0
0.001637702 3.3
0.0016397 3.3
0.001639702 0
0.0016417 0
0.001641702 3.3
0.0016436 3.3
0.001643602 0
0.0016456 0
0.001645602 3.3
0.0016475 3.3
0.001647502 0
0.0016504 0
0.001650402 3.3
0.0016524 3.3
0.001652402 0
0.0016543 0
0.001654302 3.3
0.0016563 3.3
0.001656302 0
0.0016592 0
0.001659202 3.3
0.0016612 3.3
0.001661202 0
0.0016631 0
0.001663102 3.3
0.0016661 3.3
0.001666102 0
0.001668 0
0.001668002 3.3
0.001671 3.3
0.001671002 0
0.0016739 0
0.001673902 3.3
0.0016768 3.3
0.001676802 0
0.0016797 0
0.001679702 3.3
0.0016827 3.3
0.001682702 0
0.0016856 0
0.001685602 3.3
0.0016885 3.3
0.001688502 0
0.0016924 0
0.001692402 3.3
0.0016954 3.3
0.001695402 0
0.0016993 0
0.001699302 3.3
0.0017032 3.3
0.001703202 0
0.0017081 0
0.001708102 3.3
0.0017129 3.3
0.001712902 0
0.0017188 0
0.001718802 3.3
0.0017256 3.3
0.001725602 0
0.0017364 0
0.001736402 3.3
0.0017647 3.3
0.001764702 0
0.0017754 0
0.001775402 3.3
0.0017823 3.3
0.001782302 0
0.0017881 0
0.001788102 3.3
0.001793 3.3
0.001793002 0
0.0017979 0
0.001797902 3.3
0.0018018 3.3
0.001801802 0
0.0018057 0
0.001805702 3.3
0.0018086 3.3
0.001808602 0
0.0018126 0
0.001812602 3.3
0.0018155 3.3
0.001815502 0
0.0018184 0
0.001818402 3.3
0.0018213 3.3
0.001821302 0
0.0018243 0
0.001824302 3.3
0.0018272 3.3
0.001827202 0
0.0018301 0
0.001830102 3.3
0.0018331 3.3
0.001833102 0
0.001835 0
0.001835002 3.3
0.0018379 3.3
0.001837902 0
0.0018399 0
0.001839902 3.3
0.0018419 3.3
0.001841902 0
0.0018448 0
0.001844802 3.3
0.0018467 3.3
0.001846702 0
0.0018487 0
0.001848702 3.3
0.0018506 3.3
0.001850602 0
0.0018536 0
0.001853602 3.3
0.0018555 3.3
0.001855502 0
0.0018575 0
0.001857502 3.3
0.0018594 3.3
0.001859402 0
0.0018614 0
0.001861402 3.3
0.0018633 3.3
0.001863302 0
0.0018653 0
0.001865302 3.3
0.0018672 3.3
0.001867202 0
0.0018692 0
0.001869202 3.3
0.0018711 3.3
0.001871102 0
0.0018721 0
0.001872102 3.3
0.0018741 3.3
0.001874102 0
0.001876 0
0.001876002 3.3
0.001878 3.3
0.001878002 0
0.0018799 0
0.001879902 3.3
0.0018809 3.3
0.001880902 0
0.0018829 0
0.001882902 3.3
0.0018848 3.3
0.001884802 0
0.0018868 0
0.001886802 3.3
0.0018877 3.3
0.001887702 0
0.0018897 0
0.001889702 3.3
0.0018917 3.3
0.001891702 0
0.0018926 0
0.001892602 3.3
0.0018946 3.3
0.001894602 0
0.0018965 0
0.001896502 3.3
0.0018975 3.3
0.001897502 0
0.0018995 0
0.001899502 3.3
0.0019004 3.3
0.001900402 0
0.0019024 0
0.001902402 3.3
0.0019034 3.3
0.001903402 0
0.0019053 0
0.001905302 3.3
0.0019073 3.3
0.001907302 0
0.0019083 0
0.001908302 3.3
0.0019102 3.3
0.001910202 0
0.0019112 0
0.001911202 3.3
0.0019131 3.3
0.001913102 0
0.0019141 0
0.001914102 3.3
0.0019161 3.3
0.001916102 0
0.001917 0
0.001917002 3.3
0.001919 3.3
0.001919002 0
0.00192 0
0.001920002 3.3
0.0019219 3.3
0.001921902 0
0.0019229 0
0.001922902 3.3
0.0019239 3.3
0.001923902 0
0.0019258 0
0.001925802 3.3
0.0019268 3.3
0.001926802 0
0.0019288 0
0.001928802 3.3
0.0019297 3.3
0.001929702 0
0.0019317 0
0.001931702 3.3
0.0019327 3.3
0.001932702 0
0.0019336 0
0.001933602 3.3
0.0019356 3.3
0.001935602 0
0.0019366 0
0.001936602 3.3
0.0019385 3.3
0.001938502 0
0.0019395 0
0.001939502 3.3
0.0019405 3.3
0.001940502 0
0.0019424 0
0.001942402 3.3
0.0019434 3.3
0.001943402 0
0.0019454 0
0.001945402 3.3
0.0019463 3.3
0.001946302 0
0.0019473 0
0.001947302 3.3
0.0019493 3.3
0.001949302 0
0.0019502 0
0.001950202 3.3
0.0019512 3.3
0.001951202 0
0.0019532 0
0.001953202 3.3
0.0019542 3.3
0.001954202 0
0.0019551 0
0.001955102 3.3
0.0019571 3.3
0.001957102 0
0.0019581 0
0.001958102 3.3
0.001959 3.3
0.001959002 0
0.001961 0
0.001961002 3.3
0.001962 3.3
0.001962002 0
0.0019629 0
0.001962902 3.3
0.0019649 3.3
0.001964902 0
0.0019659 0
0.001965902 3.3
0.0019669 3.3
0.001966902 0
0.0019688 0
0.001968802 3.3
0.0019698 3.3
0.001969802 0
0.0019708 0
0.001970802 3.3
0.0019717 3.3
0.001971702 0
0.0019737 0
0.001973702 3.3
0.0019747 3.3
0.001974702 0
0.0019756 0
0.001975602 3.3
0.0019776 3.3
0.001977602 0
0.0019786 0
0.001978602 3.3
0.0019795 3.3
0.001979502 0
0.0019815 0
0.001981502 3.3
0.0019825 3.3
0.001982502 0
0.0019835 0
0.001983502 3.3
0.0019844 3.3
0.001984402 0
0.0019864 0
0.001986402 3.3
0.0019874 3.3
0.001987402 0
0.0019883 0
0.001988302 3.3
0.0019903 3.3
0.001990302 0
0.0019913 0
0.001991302 3.3
0.0019922 3.3
0.001992202 0
0.0019932 0
0.001993202 3.3
0.0019952 3.3
0.001995202 0
0.0019961 0
0.001996102 3.3
0.0019971 3.3
0.001997102 0
0.0019991 0
0.001999102 3.3
0.0020001 3.3
0.002000102 0
0.002001 0
0.002001002 3.3
0.002002 3.3
0.002002002 0
0.002004 0
0.002004002 3.3
0.0020049 3.3
0.002004902 0
0.0020059 0
0.002005902 3.3
0.0020079 3.3
0.002007902 0
0.0020088 0
0.002008802 3.3
0.0020098 3.3
0.002009802 0
0.0020108 0
0.002010802 3.3
0.0020127 3.3
0.002012702 0
0.0020137 0
0.002013702 3.3
0.0020147 3.3
0.002014702 0
0.0020167 0
0.002016702 3.3
0.0020176 3.3
0.002017602 0
0.0020186 0
0.002018602 3.3
0.0020196 3.3
0.002019602 0
0.0020215 0
0.002021502 3.3
0.0020225 3.3
0.002022502 0
0.0020235 0
0.002023502 3.3
0.0020254 3.3
0.002025402 0
0.0020264 0
0.002026402 3.3
0.0020274 3.3
0.002027402 0
0.0020294 0
0.002029402 3.3
0.0020303 3.3
0.002030302 0
0.0020313 0
0.002031302 3.3
0.0020323 3.3
0.002032302 0
0.0020342 0
0.002034202 3.3
0.0020352 3.3
0.002035202 0
0.0020362 0
0.002036202 3.3
0.0020381 3.3
0.002038102 0
0.0020391 0
0.002039102 3.3
0.0020401 3.3
0.002040102 0
0.002042 0
0.002042002 3.3
0.002043 3.3
0.002043002 0
0.002044 0
0.002044002 3.3
0.002046 3.3
0.002046002 0
0.0020469 0
0.002046902 3.3
0.0020479 3.3
0.002047902 0
0.0020499 0
0.002049902 3.3
0.0020508 3.3
0.002050802 0
0.0020518 0
0.002051802 3.3
0.0020538 3.3
0.002053802 0
0.0020547 0
0.002054702 3.3
0.0020557 3.3
0.002055702 0
0.0020577 0
0.002057702 3.3
0.0020586 3.3
0.002058602 0
0.0020606 0
0.002060602 3.3
0.0020616 3.3
0.002061602 0
0.0020626 0
0.002062602 3.3
0.0020645 3.3
0.002064502 0
0.0020655 0
0.002065502 3.3
0.0020674 3.3
0.002067402 0
0.0020684 0
0.002068402 3.3
0.0020694 3.3
0.002069402 0
0.0020713 0
0.002071302 3.3
0.0020723 3.3
0.002072302 0
0.0020743 0
0.002074302 3.3
0.0020752 3.3
0.002075202 0
0.0020772 0
0.002077202 3.3
0.0020782 3.3
0.002078202 0
0.0020792 0
0.002079202 3.3
0.0020811 3.3
0.002081102 0
0.0020821 0
0.002082102 3.3
0.002084 3.3
0.002084002 0
0.002085 0
0.002085002 3.3
0.002087 3.3
0.002087002 0
0.0020879 0
0.002087902 3.3
0.0020899 3.3
0.002089902 0
0.0020909 0
0.002090902 3.3
0.0020928 3.3
0.002092802 0
0.0020938 0
0.002093802 3.3
0.0020958 3.3
0.002095802 0
0.0020977 0
0.002097702 3.3
0.0020987 3.3
0.002098702 0
0.0021006 0
0.002100602 3.3
0.0021016 3.3
0.002101602 0
0.0021036 0
0.002103602 3.3
0.0021045 3.3
0.002104502 0
0.0021065 0
0.002106502 3.3
0.0021085 3.3
0.002108502 0
0.0021094 0
0.002109402 3.3
0.0021114 3.3
0.002111402 0
0.0021133 0
0.002113302 3.3
0.0021143 3.3
0.002114302 0
0.0021163 0
0.002116302 3.3
0.0021182 3.3
0.002118202 0
0.0021202 0
0.002120202 3.3
0.0021211 3.3
0.002121102 0
0.0021231 0
0.002123102 3.3
0.0021251 3.3
0.002125102 0
0.002127 0
0.002127002 3.3
0.002129 3.3
0.002129002 0
0.0021299 0
0.002129902 3.3
0.0021319 3.3
0.002131902 0
0.0021338 0
0.002133802 3.3
0.0021358 3.3
0.002135802 0
0.0021377 0
0.002137702 3.3
0.0021397 3.3
0.002139702 0
0.0021417 0
0.002141702 3.3
0.0021436 3.3
0.002143602 0
0.0021456 0
0.002145602 3.3
0.0021475 3.3
0.002147502 0
0.0021504 0
0.002150402 3.3
0.0021524 3.3
0.002152402 0
0.0021544 0
0.002154402 3.3
0.0021563 3.3
0.002156302 0
0.0021592 0
0.002159202 3.3
0.0021612 3.3
0.002161202 0
0.0021631 0
0.002163102 3.3
0.0021661 3.3
0.002166102 0
0.002168 0
0.002168002 3.3
0.002171 3.3
0.002171002 0
0.0021739 0
0.002173902 3.3
0.0021768 3.3
0.002176802 0
0.0021797 0
0.002179702 3.3
0.0021827 3.3
0.002182702 0
0.0021856 0
0.002185602 3.3
0.0021885 3.3
0.002188502 0
0.0021924 0
0.002192402 3.3
0.0021954 3.3
0.002195402 0
0.0021993 0
0.002199302 3.3
0.0022032 3.3
0.002203202 0
0.0022081 0
0.002208102 3.3
0.0022129 3.3
0.002212902 0
0.0022188 0
0.002218802 3.3
0.0022256 3.3
0.002225602 0
0.0022364 0
0.002236402 3.3
0.0022647 3.3
0.002264702 0
0.0022754 0
0.002275402 3.3
0.0022823 3.3
0.002282302 0
0.0022881 0
0.002288102 3.3
0.002293 3.3
0.002293002 0
0.0022979 0
0.002297902 3.3
0.0023018 3.3
0.002301802 0
0.0023057 0
0.002305702 3.3
0.0023086 3.3
0.002308602 0
0.0023126 0
0.002312602 3.3
0.0023155 3.3
0.002315502 0
0.0023184 0
0.002318402 3.3
0.0023213 3.3
0.002321302 0
0.0023243 0
0.002324302 3.3
0.0023272 3.3
0.002327202 0
0.0023301 0
0.002330102 3.3
0.0023331 3.3
0.002333102 0
0.002335 0
0.002335002 3.3
0.0023379 3.3
0.002337902 0
0.0023399 0
0.002339902 3.3
0.0023419 3.3
0.002341902 0
0.0023448 0
0.002344802 3.3
0.0023467 3.3
0.002346702 0
0.0023487 0
0.002348702 3.3
0.0023506 3.3
0.002350602 0
0.0023536 0
0.002353602 3.3
0.0023555 3.3
0.002355502 0
0.0023575 0
0.002357502 3.3
0.0023594 3.3
0.002359402 0
0.0023614 0
0.002361402 3.3
0.0023633 3.3
0.002363302 0
0.0023653 0
0.002365302 3.3
0.0023672 3.3
0.002367202 0
0.0023692 0
0.002369202 3.3
0.0023711 3.3
0.002371102 0
0.0023721 0
0.002372102 3.3
0.0023741 3.3
0.002374102 0
0.002376 0
0.002376002 3.3
0.002378 3.3
0.002378002 0
0.0023799 0
0.002379902 3.3
0.0023809 3.3
0.002380902 0
0.0023829 0
0.002382902 3.3
0.0023848 3.3
0.002384802 0
0.0023868 0
0.002386802 3.3
0.0023877 3.3
0.002387702 0
0.0023897 0
0.002389702 3.3
0.0023917 3.3
0.002391702 0
0.0023926 0
0.002392602 3.3
0.0023946 3.3
0.002394602 0
0.0023965 0
0.002396502 3.3
0.0023975 3.3
0.002397502 0
0.0023995 0
0.002399502 3.3
0.0024004 3.3
0.002400402 0
0.0024024 0
0.002402402 3.3
0.0024034 3.3
0.002403402 0
0.0024053 0
0.002405302 3.3
0.0024073 3.3
0.002407302 0
0.0024083 0
0.002408302 3.3
0.0024102 3.3
0.002410202 0
0.0024112 0
0.002411202 3.3
0.0024131 3.3
0.002413102 0
0.0024141 0
0.002414102 3.3
0.0024161 3.3
0.002416102 0
0.002417 0
0.002417002 3.3
0.002419 3.3
0.002419002 0
0.00242 0
0.002420002 3.3
0.0024219 3.3
0.002421902 0
0.0024229 0
0.002422902 3.3
0.0024239 3.3
0.002423902 0
0.0024258 0
0.002425802 3.3
0.0024268 3.3
0.002426802 0
0.0024288 0
0.002428802 3.3
0.0024297 3.3
0.002429702 0
0.0024317 0
0.002431702 3.3
0.0024327 3.3
0.002432702 0
0.0024336 0
0.002433602 3.3
0.0024356 3.3
0.002435602 0
0.0024366 0
0.002436602 3.3
0.0024385 3.3
0.002438502 0
0.0024395 0
0.002439502 3.3
0.0024405 3.3
0.002440502 0
0.0024424 0
0.002442402 3.3
0.0024434 3.3
0.002443402 0
0.0024454 0
0.002445402 3.3
0.0024463 3.3
0.002446302 0
0.0024473 0
0.002447302 3.3
0.0024493 3.3
0.002449302 0
0.0024502 0
0.002450202 3.3
0.0024512 3.3
0.002451202 0
0.0024532 0
0.002453202 3.3
0.0024542 3.3
0.002454202 0
0.0024551 0
0.002455102 3.3
0.0024571 3.3
0.002457102 0
0.0024581 0
0.002458102 3.3
0.002459 3.3
0.002459002 0
0.002461 0
0.002461002 3.3
0.002462 3.3
0.002462002 0
0.0024629 0
0.002462902 3.3
0.0024649 3.3
0.002464902 0
0.0024659 0
0.002465902 3.3
0.0024669 3.3
0.002466902 0
0.0024688 0
0.002468802 3.3
0.0024698 3.3
0.002469802 0
0.0024708 0
0.002470802 3.3
0.0024717 3.3
0.002471702 0
0.0024737 0
0.002473702 3.3
0.0024747 3.3
0.002474702 0
0.0024756 0
0.002475602 3.3
0.0024776 3.3
0.002477602 0
0.0024786 0
0.002478602 3.3
0.0024795 3.3
0.002479502 0
0.0024815 0
0.002481502 3.3
0.0024825 3.3
0.002482502 0
0.0024835 0
0.002483502 3.3
0.0024844 3.3
0.002484402 0
0.0024864 0
0.002486402 3.3
0.0024874 3.3
0.002487402 0
0.0024883 0
0.002488302 3.3
0.0024903 3.3
0.002490302 0
0.0024913 0
0.002491302 3.3
0.0024922 3.3
0.002492202 0
0.0024932 0
0.002493202 3.3
0.0024952 3.3
0.002495202 0
0.0024961 0
0.002496102 3.3
0.0024971 3.3
0.002497102 0
0.0024991 0
0.002499102 3.3
0.0025001 3.3
0.002500102 0
0.002501 0
0.002501002 3.3
0.002502 3.3
0.002502002 0
0.002504 0
0.002504002 3.3
0.0025049 3.3
0.002504902 0
0.0025059 0
0.002505902 3.3
0.0025079 3.3
0.002507902 0
0.0025088 0
0.002508802 3.3
0.0025098 3.3
0.002509802 0
0.0025108 0
0.002510802 3.3
0.0025127 3.3
0.002512702 0
0.0025137 0
0.002513702 3.3
0.0025147 3.3
0.002514702 0
0.0025167 0
0.002516702 3.3
0.0025176 3.3
0.002517602 0
0.0025186 0
0.002518602 3.3
0.0025196 3.3
0.002519602 0
0.0025215 0
0.002521502 3.3
0.0025225 3.3
0.002522502 0
0.0025235 0
0.002523502 3.3
0.0025254 3.3
0.002525402 0
0.0025264 0
0.002526402 3.3
0.0025274 3.3
0.002527402 0
0.0025294 0
0.002529402 3.3
0.0025303 3.3
0.002530302 0
0.0025313 0
0.002531302 3.3
0.0025323 3.3
0.002532302 0
0.0025342 0
0.002534202 3.3
0.0025352 3.3
0.002535202 0
0.0025362 0
0.002536202 3.3
0.0025381 3.3
0.002538102 0
0.0025391 0
0.002539102 3.3
0.0025401 3.3
0.002540102 0
0.002542 0
0.002542002 3.3
0.002543 3.3
0.002543002 0
0.002544 0
0.002544002 3.3
0.002546 3.3
0.002546002 0
0.0025469 0
0.002546902 3.3
0.0025479 3.3
0.002547902 0
0.0025499 0
0.002549902 3.3
0.0025508 3.3
0.002550802 0
0.0025518 0
0.002551802 3.3
0.0025538 3.3
0.002553802 0
0.0025547 0
0.002554702 3.3
0.0025557 3.3
0.002555702 0
0.0025577 0
0.002557702 3.3
0.0025586 3.3
0.002558602 0
0.0025606 0
0.002560602 3.3
0.0025616 3.3
0.002561602 0
0.0025626 0
0.002562602 3.3
0.0025645 3.3
0.002564502 0
0.0025655 0
0.002565502 3.3
0.0025674 3.3
0.002567402 0
0.0025684 0
0.002568402 3.3
0.0025694 3.3
0.002569402 0
0.0025713 0
0.002571302 3.3
0.0025723 3.3
0.002572302 0
0.0025743 0
0.002574302 3.3
0.0025752 3.3
0.002575202 0
0.0025772 0
0.002577202 3.3
0.0025782 3.3
0.002578202 0
0.0025792 0
0.002579202 3.3
0.0025811 3.3
0.002581102 0
0.0025821 0
0.002582102 3.3
0.002584 3.3
0.002584002 0
0.002585 0
0.002585002 3.3
0.002587 3.3
0.002587002 0
0.0025879 0
0.002587902 3.3
0.0025899 3.3
0.002589902 0
0.0025909 0
0.002590902 3.3
0.0025928 3.3
0.002592802 0
0.0025938 0
0.002593802 3.3
0.0025958 3.3
0.002595802 0
0.0025977 0
0.002597702 3.3
0.0025987 3.3
0.002598702 0
0.0026006 0
0.002600602 3.3
0.0026016 3.3
0.002601602 0
0.0026036 0
0.002603602 3.3
0.0026045 3.3
0.002604502 0
0.0026065 0
0.002606502 3.3
0.0026085 3.3
0.002608502 0
0.0026094 0
0.002609402 3.3
0.0026114 3.3
0.002611402 0
0.0026133 0
0.002613302 3.3
0.0026143 3.3
0.002614302 0
0.0026163 0
0.002616302 3.3
0.0026182 3.3
0.002618202 0
0.0026202 0
0.002620202 3.3
0.0026211 3.3
0.002621102 0
0.0026231 0
0.002623102 3.3
0.0026251 3.3
0.002625102 0
0.002627 0
0.002627002 3.3
0.002629 3.3
0.002629002 0
0.0026299 0
0.002629902 3.3
0.0026319 3.3
0.002631902 0
0.0026338 0
0.002633802 3.3
0.0026358 3.3
0.002635802 0
0.0026377 0
0.002637702 3.3
0.0026397 3.3
0.002639702 0
0.0026417 0
0.002641702 3.3
0.0026436 3.3
0.002643602 0
0.0026456 0
0.002645602 3.3
0.0026475 3.3
0.002647502 0
0.0026504 0
0.002650402 3.3
0.0026524 3.3
0.002652402 0
0.0026544 0
0.002654402 3.3
0.0026563 3.3
0.002656302 0
0.0026592 0
0.002659202 3.3
0.0026612 3.3
0.002661202 0
0.0026631 0
0.002663102 3.3
0.0026661 3.3
0.002666102 0
0.002668 0
0.002668002 3.3
0.002671 3.3
0.002671002 0
0.0026739 0
0.002673902 3.3
0.0026768 3.3
0.002676802 0
0.0026797 0
0.002679702 3.3
0.0026827 3.3
0.002682702 0
0.0026856 0
0.002685602 3.3
0.0026885 3.3
0.002688502 0
0.0026924 0
0.002692402 3.3
0.0026954 3.3
0.002695402 0
0.0026993 0
0.002699302 3.3
0.0027032 3.3
0.002703202 0
0.0027081 0
0.002708102 3.3
0.0027129 3.3
0.002712902 0
0.0027188 0
0.002718802 3.3
0.0027256 3.3
0.002725602 0
0.0027364 0
0.002736402 3.3
0.0027647 3.3
0.002764702 0
0.0027754 0
0.002775402 3.3
0.0027823 3.3
0.002782302 0
0.0027881 0
0.002788102 3.3
0.002793 3.3
0.002793002 0
0.0027979 0
0.002797902 3.3
0.0028018 3.3
0.002801802 0
0.0028057 0
0.002805702 3.3
0.0028086 3.3
0.002808602 0
0.0028126 0
0.002812602 3.3
0.0028155 3.3
0.002815502 0
0.0028184 0
0.002818402 3.3
0.0028213 3.3
0.002821302 0
0.0028243 0
0.002824302 3.3
0.0028272 3.3
0.002827202 0
0.0028301 0
0.002830102 3.3
0.0028331 3.3
0.002833102 0
0.002835 0
0.002835002 3.3
0.0028379 3.3
0.002837902 0
0.0028399 0
0.002839902 3.3
0.0028419 3.3
0.002841902 0
0.0028448 0
0.002844802 3.3
0.0028467 3.3
0.002846702 0
0.0028487 0
0.002848702 3.3
0.0028506 3.3
0.002850602 0
0.0028536 0
0.002853602 3.3
0.0028555 3.3
0.002855502 0
0.0028575 0
0.002857502 3.3
0.0028594 3.3
0.002859402 0
0.0028614 0
0.002861402 3.3
0.0028633 3.3
0.002863302 0
0.0028653 0
0.002865302 3.3
0.0028672 3.3
0.002867202 0
0.0028692 0
0.002869202 3.3
0.0028711 3.3
0.002871102 0
0.0028721 0
0.002872102 3.3
0.0028741 3.3
0.002874102 0
0.002876 0
0.002876002 3.3
0.002878 3.3
0.002878002 0
0.0028799 0
0.002879902 3.3
0.0028809 3.3
0.002880902 0
0.0028829 0
0.002882902 3.3
0.0028848 3.3
0.002884802 0
0.0028868 0
0.002886802 3.3
0.0028878 3.3
0.002887802 0
0.0028897 0
0.002889702 3.3
0.0028917 3.3
0.002891702 0
0.0028926 0
0.002892602 3.3
0.0028946 3.3
0.002894602 0
0.0028965 0
0.002896502 3.3
0.0028975 3.3
0.002897502 0
0.0028995 0
0.002899502 3.3
0.0029004 3.3
0.002900402 0
0.0029024 0
0.002902402 3.3
0.0029034 3.3
0.002903402 0
0.0029053 0
0.002905302 3.3
0.0029073 3.3
0.002907302 0
0.0029083 0
0.002908302 3.3
0.0029102 3.3
0.002910202 0
0.0029112 0
0.002911202 3.3
0.0029131 3.3
0.002913102 0
0.0029141 0
0.002914102 3.3
0.0029161 3.3
0.002916102 0
0.002917 0
0.002917002 3.3
0.002919 3.3
0.002919002 0
0.00292 0
0.002920002 3.3
0.0029219 3.3
0.002921902 0
0.0029229 0
0.002922902 3.3
0.0029239 3.3
0.002923902 0
0.0029258 0
0.002925802 3.3
0.0029268 3.3
0.002926802 0
0.0029288 0
0.002928802 3.3
0.0029297 3.3
0.002929702 0
0.0029317 0
0.002931702 3.3
0.0029327 3.3
0.002932702 0
0.0029336 0
0.002933602 3.3
0.0029356 3.3
0.002935602 0
0.0029366 0
0.002936602 3.3
0.0029385 3.3
0.002938502 0
0.0029395 0
0.002939502 3.3
0.0029405 3.3
0.002940502 0
0.0029424 0
0.002942402 3.3
0.0029434 3.3
0.002943402 0
0.0029454 0
0.002945402 3.3
0.0029463 3.3
0.002946302 0
0.0029473 0
0.002947302 3.3
0.0029493 3.3
0.002949302 0
0.0029503 0
0.002950302 3.3
0.0029512 3.3
0.002951202 0
0.0029532 0
0.002953202 3.3
0.0029542 3.3
0.002954202 0
0.0029551 0
0.002955102 3.3
0.0029571 3.3
0.002957102 0
0.0029581 0
0.002958102 3.3
0.002959 3.3
0.002959002 0
0.002961 0
0.002961002 3.3
0.002962 3.3
0.002962002 0
0.0029629 0
0.002962902 3.3
0.0029649 3.3
0.002964902 0
0.0029659 0
0.002965902 3.3
0.0029669 3.3
0.002966902 0
0.0029688 0
0.002968802 3.3
0.0029698 3.3
0.002969802 0
0.0029708 0
0.002970802 3.3
0.0029717 3.3
0.002971702 0
0.0029737 0
0.002973702 3.3
0.0029747 3.3
0.002974702 0
0.0029756 0
0.002975602 3.3
0.0029776 3.3
0.002977602 0
0.0029786 0
0.002978602 3.3
0.0029795 3.3
0.002979502 0
0.0029815 0
0.002981502 3.3
0.0029825 3.3
0.002982502 0
0.0029835 0
0.002983502 3.3
0.0029844 3.3
0.002984402 0
0.0029864 0
0.002986402 3.3
0.0029874 3.3
0.002987402 0
0.0029883 0
0.002988302 3.3
0.0029903 3.3
0.002990302 0
0.0029913 0
0.002991302 3.3
0.0029922 3.3
0.002992202 0
0.0029932 0
0.002993202 3.3
0.0029952 3.3
0.002995202 0
0.0029961 0
0.002996102 3.3
0.0029971 3.3
0.002997102 0
0.0029991 0
0.002999102 3.3
0.0030001 3.3
0.003000102 0
0.003001 0
0.003001002 3.3
0.003002 3.3
0.003002002 0
0.003004 0
0.003004002 3.3
0.0030049 3.3
0.003004902 0
0.0030059 0
0.003005902 3.3
0.0030079 3.3
0.003007902 0
0.0030088 0
0.003008802 3.3
0.0030098 3.3
0.003009802 0
0.0030108 0
0.003010802 3.3
0.0030128 3.3
0.003012802 0
0.0030137 0
0.003013702 3.3
0.0030147 3.3
0.003014702 0
0.0030167 0
0.003016702 3.3
0.0030176 3.3
0.003017602 0
0.0030186 0
0.003018602 3.3
0.0030196 3.3
0.003019602 0
0.0030215 0
0.003021502 3.3
0.0030225 3.3
0.003022502 0
0.0030235 0
0.003023502 3.3
0.0030254 3.3
0.003025402 0
0.0030264 0
0.003026402 3.3
0.0030274 3.3
0.003027402 0
0.0030294 0
0.003029402 3.3
0.0030303 3.3
0.003030302 0
0.0030313 0
0.003031302 3.3
0.0030323 3.3
0.003032302 0
0.0030342 0
0.003034202 3.3
0.0030352 3.3
0.003035202 0
0.0030362 0
0.003036202 3.3
0.0030381 3.3
0.003038102 0
0.0030391 0
0.003039102 3.3
0.0030401 3.3
0.003040102 0
0.003042 0
0.003042002 3.3
0.003043 3.3
0.003043002 0
0.003044 0
0.003044002 3.3
0.003046 3.3
0.003046002 0
0.0030469 0
0.003046902 3.3
0.0030479 3.3
0.003047902 0
0.0030499 0
0.003049902 3.3
0.0030508 3.3
0.003050802 0
0.0030518 0
0.003051802 3.3
0.0030538 3.3
0.003053802 0
0.0030547 0
0.003054702 3.3
0.0030557 3.3
0.003055702 0
0.0030577 0
0.003057702 3.3
0.0030586 3.3
0.003058602 0
0.0030606 0
0.003060602 3.3
0.0030616 3.3
0.003061602 0
0.0030626 0
0.003062602 3.3
0.0030645 3.3
0.003064502 0
0.0030655 0
0.003065502 3.3
0.0030674 3.3
0.003067402 0
0.0030684 0
0.003068402 3.3
0.0030694 3.3
0.003069402 0
0.0030713 0
0.003071302 3.3
0.0030723 3.3
0.003072302 0
0.0030743 0
0.003074302 3.3
0.0030753 3.3
0.003075302 0
0.0030772 0
0.003077202 3.3
0.0030782 3.3
0.003078202 0
0.0030792 0
0.003079202 3.3
0.0030811 3.3
0.003081102 0
0.0030821 0
0.003082102 3.3
0.003084 3.3
0.003084002 0
0.003085 0
0.003085002 3.3
0.003087 3.3
0.003087002 0
0.0030879 0
0.003087902 3.3
0.0030899 3.3
0.003089902 0
0.0030909 0
0.003090902 3.3
0.0030928 3.3
0.003092802 0
0.0030938 0
0.003093802 3.3
0.0030958 3.3
0.003095802 0
0.0030977 0
0.003097702 3.3
0.0030987 3.3
0.003098702 0
0.0031006 0
0.003100602 3.3
0.0031016 3.3
0.003101602 0
0.0031036 0
0.003103602 3.3
0.0031045 3.3
0.003104502 0
0.0031065 0
0.003106502 3.3
0.0031085 3.3
0.003108502 0
0.0031094 0
0.003109402 3.3
0.0031114 3.3
0.003111402 0
0.0031133 0
0.003113302 3.3
0.0031143 3.3
0.003114302 0
0.0031163 0
0.003116302 3.3
0.0031182 3.3
0.003118202 0
0.0031202 0
0.003120202 3.3
0.0031211 3.3
0.003121102 0
0.0031231 0
0.003123102 3.3
0.0031251 3.3
0.003125102 0
0.003127 0
0.003127002 3.3
0.003129 3.3
0.003129002 0
0.0031299 0
0.003129902 3.3
0.0031319 3.3
0.003131902 0
0.0031338 0
0.003133802 3.3
0.0031358 3.3
0.003135802 0
0.0031378 0
0.003137802 3.3
0.0031397 3.3
0.003139702 0
0.0031417 0
0.003141702 3.3
0.0031436 3.3
0.003143602 0
0.0031456 0
0.003145602 3.3
0.0031475 3.3
0.003147502 0
0.0031504 0
0.003150402 3.3
0.0031524 3.3
0.003152402 0
0.0031544 0
0.003154402 3.3
0.0031563 3.3
0.003156302 0
0.0031592 0
0.003159202 3.3
0.0031612 3.3
0.003161202 0
0.0031631 0
0.003163102 3.3
0.0031661 3.3
0.003166102 0
0.003168 0
0.003168002 3.3
0.003171 3.3
0.003171002 0
0.0031739 0
0.003173902 3.3
0.0031768 3.3
0.003176802 0
0.0031797 0
0.003179702 3.3
0.0031827 3.3
0.003182702 0
0.0031856 0
0.003185602 3.3
0.0031885 3.3
0.003188502 0
0.0031924 0
0.003192402 3.3
0.0031954 3.3
0.003195402 0
0.0031993 0
0.003199302 3.3
0.0032032 3.3
0.003203202 0
0.0032081 0
0.003208102 3.3
0.0032129 3.3
0.003212902 0
0.0032188 0
0.003218802 3.3
0.0032256 3.3
0.003225602 0
0.0032364 0
0.003236402 3.3
0.0032647 3.3
0.003264702 0
0.0032754 0
0.003275402 3.3
0.0032823 3.3
0.003282302 0
0.0032881 0
0.003288102 3.3
0.003293 3.3
0.003293002 0
0.0032979 0
0.003297902 3.3
0.0033018 3.3
0.003301802 0
0.0033057 0
0.003305702 3.3
0.0033086 3.3
0.003308602 0
0.0033126 0
0.003312602 3.3
0.0033155 3.3
0.003315502 0
0.0033184 0
0.003318402 3.3
0.0033213 3.3
0.003321302 0
0.0033243 0
0.003324302 3.3
0.0033272 3.3
0.003327202 0
0.0033301 0
0.003330102 3.3
0.0033331 3.3
0.003333102 0
0.003335 0
0.003335002 3.3
0.0033379 3.3
0.003337902 0
0.0033399 0
0.003339902 3.3
0.0033419 3.3
0.003341902 0
0.0033448 0
0.003344802 3.3
0.0033467 3.3
0.003346702 0
0.0033487 0
0.003348702 3.3
0.0033506 3.3
0.003350602 0
0.0033536 0
0.003353602 3.3
0.0033555 3.3
0.003355502 0
0.0033575 0
0.003357502 3.3
0.0033594 3.3
0.003359402 0
0.0033614 0
0.003361402 3.3
0.0033633 3.3
0.003363302 0
0.0033653 0
0.003365302 3.3
0.0033672 3.3
0.003367202 0
0.0033692 0
0.003369202 3.3
0.0033711 3.3
0.003371102 0
0.0033721 0
0.003372102 3.3
0.0033741 3.3
0.003374102 0
0.003376 0
0.003376002 3.3
0.003378 3.3
0.003378002 0
0.0033799 0
0.003379902 3.3
0.0033809 3.3
0.003380902 0
0.0033829 0
0.003382902 3.3
0.0033848 3.3
0.003384802 0
0.0033868 0
0.003386802 3.3
0.0033878 3.3
0.003387802 0
0.0033897 0
0.003389702 3.3
0.0033917 3.3
0.003391702 0
0.0033926 0
0.003392602 3.3
0.0033946 3.3
0.003394602 0
0.0033965 0
0.003396502 3.3
0.0033975 3.3
0.003397502 0
0.0033995 0
0.003399502 3.3
0.0034004 3.3
0.003400402 0
0.0034024 0
0.003402402 3.3
0.0034034 3.3
0.003403402 0
0.0034053 0
0.003405302 3.3
0.0034073 3.3
0.003407302 0
0.0034083 0
0.003408302 3.3
0.0034102 3.3
0.003410202 0
0.0034112 0
0.003411202 3.3
0.0034131 3.3
0.003413102 0
0.0034141 0
0.003414102 3.3
0.0034161 3.3
0.003416102 0
0.003417 0
0.003417002 3.3
0.003419 3.3
0.003419002 0
0.00342 0
0.003420002 3.3
0.0034219 3.3
0.003421902 0
0.0034229 0
0.003422902 3.3
0.0034239 3.3
0.003423902 0
0.0034258 0
0.003425802 3.3
0.0034268 3.3
0.003426802 0
0.0034288 0
0.003428802 3.3
0.0034297 3.3
0.003429702 0
0.0034317 0
0.003431702 3.3
0.0034327 3.3
0.003432702 0
0.0034336 0
0.003433602 3.3
0.0034356 3.3
0.003435602 0
0.0034366 0
0.003436602 3.3
0.0034385 3.3
0.003438502 0
0.0034395 0
0.003439502 3.3
0.0034405 3.3
0.003440502 0
0.0034424 0
0.003442402 3.3
0.0034434 3.3
0.003443402 0
0.0034454 0
0.003445402 3.3
0.0034463 3.3
0.003446302 0
0.0034473 0
0.003447302 3.3
0.0034493 3.3
0.003449302 0
0.0034503 0
0.003450302 3.3
0.0034512 3.3
0.003451202 0
0.0034532 0
0.003453202 3.3
0.0034542 3.3
0.003454202 0
0.0034551 0
0.003455102 3.3
0.0034571 3.3
0.003457102 0
0.0034581 0
0.003458102 3.3
0.003459 3.3
0.003459002 0
0.003461 0
0.003461002 3.3
0.003462 3.3
0.003462002 0
0.0034629 0
0.003462902 3.3
0.0034649 3.3
0.003464902 0
0.0034659 0
0.003465902 3.3
0.0034669 3.3
0.003466902 0
0.0034688 0
0.003468802 3.3
0.0034698 3.3
0.003469802 0
0.0034708 0
0.003470802 3.3
0.0034717 3.3
0.003471702 0
0.0034737 0
0.003473702 3.3
0.0034747 3.3
0.003474702 0
0.0034756 0
0.003475602 3.3
0.0034776 3.3
0.003477602 0
0.0034786 0
0.003478602 3.3
0.0034795 3.3
0.003479502 0
0.0034815 0
0.003481502 3.3
0.0034825 3.3
0.003482502 0
0.0034835 0
0.003483502 3.3
0.0034844 3.3
0.003484402 0
0.0034864 0
0.003486402 3.3
0.0034874 3.3
0.003487402 0
0.0034883 0
0.003488302 3.3
0.0034903 3.3
0.003490302 0
0.0034913 0
0.003491302 3.3
0.0034922 3.3
0.003492202 0
0.0034932 0
0.003493202 3.3
0.0034952 3.3
0.003495202 0
0.0034961 0
0.003496102 3.3
0.0034971 3.3
0.003497102 0
0.0034991 0
0.003499102 3.3
0.0035001 3.3
0.003500102 0
0.003501 0
0.003501002 3.3
0.003502 3.3
0.003502002 0
0.003504 0
0.003504002 3.3
0.0035049 3.3
0.003504902 0
0.0035059 0
0.003505902 3.3
0.0035079 3.3
0.003507902 0
0.0035088 0
0.003508802 3.3
0.0035098 3.3
0.003509802 0
0.0035108 0
0.003510802 3.3
0.0035128 3.3
0.003512802 0
0.0035137 0
0.003513702 3.3
0.0035147 3.3
0.003514702 0
0.0035167 0
0.003516702 3.3
0.0035176 3.3
0.003517602 0
0.0035186 0
0.003518602 3.3
0.0035196 3.3
0.003519602 0
0.0035215 0
0.003521502 3.3
0.0035225 3.3
0.003522502 0
0.0035235 0
0.003523502 3.3
0.0035254 3.3
0.003525402 0
0.0035264 0
0.003526402 3.3
0.0035274 3.3
0.003527402 0
0.0035294 0
0.003529402 3.3
0.0035303 3.3
0.003530302 0
0.0035313 0
0.003531302 3.3
0.0035323 3.3
0.003532302 0
0.0035342 0
0.003534202 3.3
0.0035352 3.3
0.003535202 0
0.0035362 0
0.003536202 3.3
0.0035381 3.3
0.003538102 0
0.0035391 0
0.003539102 3.3
0.0035401 3.3
0.003540102 0
0.003542 0
0.003542002 3.3
0.003543 3.3
0.003543002 0
0.003544 0
0.003544002 3.3
0.003546 3.3
0.003546002 0
0.0035469 0
0.003546902 3.3
0.0035479 3.3
0.003547902 0
0.0035499 0
0.003549902 3.3
0.0035508 3.3
0.003550802 0
0.0035518 0
0.003551802 3.3
0.0035538 3.3
0.003553802 0
0.0035547 0
0.003554702 3.3
0.0035557 3.3
0.003555702 0
0.0035577 0
0.003557702 3.3
0.0035586 3.3
0.003558602 0
0.0035606 0
0.003560602 3.3
0.0035616 3.3
0.003561602 0
0.0035626 0
0.003562602 3.3
0.0035645 3.3
0.003564502 0
0.0035655 0
0.003565502 3.3
0.0035674 3.3
0.003567402 0
0.0035684 0
0.003568402 3.3
0.0035694 3.3
0.003569402 0
0.0035713 0
0.003571302 3.3
0.0035723 3.3
0.003572302 0
0.0035743 0
0.003574302 3.3
0.0035753 3.3
0.003575302 0
0.0035772 0
0.003577202 3.3
0.0035782 3.3
0.003578202 0
0.0035792 0
0.003579202 3.3
0.0035811 3.3
0.003581102 0
0.0035821 0
0.003582102 3.3
0.003584 3.3
0.003584002 0
0.003585 0
0.003585002 3.3
0.003587 3.3
0.003587002 0
0.0035879 0
0.003587902 3.3
0.0035899 3.3
0.003589902 0
0.0035909 0
0.003590902 3.3
0.0035928 3.3
0.003592802 0
0.0035938 0
0.003593802 3.3
0.0035958 3.3
0.003595802 0
0.0035977 0
0.003597702 3.3
0.0035987 3.3
0.003598702 0
0.0036006 0
0.003600602 3.3
0.0036016 3.3
0.003601602 0
0.0036036 0
0.003603602 3.3
0.0036045 3.3
0.003604502 0
0.0036065 0
0.003606502 3.3
0.0036085 3.3
0.003608502 0
0.0036094 0
0.003609402 3.3
0.0036114 3.3
0.003611402 0
0.0036133 0
0.003613302 3.3
0.0036143 3.3
0.003614302 0
0.0036163 0
0.003616302 3.3
0.0036182 3.3
0.003618202 0
0.0036202 0
0.003620202 3.3
0.0036211 3.3
0.003621102 0
0.0036231 0
0.003623102 3.3
0.0036251 3.3
0.003625102 0
0.003627 0
0.003627002 3.3
0.003629 3.3
0.003629002 0
0.0036299 0
0.003629902 3.3
0.0036319 3.3
0.003631902 0
0.0036338 0
0.003633802 3.3
0.0036358 3.3
0.003635802 0
0.0036378 0
0.003637802 3.3
0.0036397 3.3
0.003639702 0
0.0036417 0
0.003641702 3.3
0.0036436 3.3
0.003643602 0
0.0036456 0
0.003645602 3.3
0.0036475 3.3
0.003647502 0
0.0036504 0
0.003650402 3.3
0.0036524 3.3
0.003652402 0
0.0036544 0
0.003654402 3.3
0.0036563 3.3
0.003656302 0
0.0036592 0
0.003659202 3.3
0.0036612 3.3
0.003661202 0
0.0036631 0
0.003663102 3.3
0.0036661 3.3
0.003666102 0
0.003668 0
0.003668002 3.3
0.003671 3.3
0.003671002 0
0.0036739 0
0.003673902 3.3
0.0036768 3.3
0.003676802 0
0.0036797 0
0.003679702 3.3
0.0036827 3.3
0.003682702 0
0.0036856 0
0.003685602 3.3
0.0036885 3.3
0.003688502 0
0.0036924 0
0.003692402 3.3
0.0036954 3.3
0.003695402 0
0.0036993 0
0.003699302 3.3
0.0037032 3.3
0.003703202 0
0.0037081 0
0.003708102 3.3
0.0037129 3.3
0.003712902 0
0.0037188 0
0.003718802 3.3
0.0037256 3.3
0.003725602 0
0.0037364 0
0.003736402 3.3
0.0037647 3.3
0.003764702 0
0.0037754 0
0.003775402 3.3
0.0037823 3.3
0.003782302 0
0.0037881 0
0.003788102 3.3
0.003793 3.3
0.003793002 0
0.0037979 0
0.003797902 3.3
0.0038018 3.3
0.003801802 0
0.0038057 0
0.003805702 3.3
0.0038087 3.3
0.003808702 0
0.0038126 0
0.003812602 3.3
0.0038155 3.3
0.003815502 0
0.0038184 0
0.003818402 3.3
0.0038213 3.3
0.003821302 0
0.0038243 0
0.003824302 3.3
0.0038272 3.3
0.003827202 0
0.0038301 0
0.003830102 3.3
0.0038331 3.3
0.003833102 0
0.003835 0
0.003835002 3.3
0.0038379 3.3
0.003837902 0
0.0038399 0
0.003839902 3.3
0.0038419 3.3
0.003841902 0
0.0038448 0
0.003844802 3.3
0.0038467 3.3
0.003846702 0
0.0038487 0
0.003848702 3.3
0.0038506 3.3
0.003850602 0
0.0038536 0
0.003853602 3.3
0.0038555 3.3
0.003855502 0
0.0038575 0
0.003857502 3.3
0.0038594 3.3
0.003859402 0
0.0038614 0
0.003861402 3.3
0.0038633 3.3
0.003863302 0
0.0038653 0
0.003865302 3.3
0.0038672 3.3
0.003867202 0
0.0038692 0
0.003869202 3.3
0.0038712 3.3
0.003871202 0
0.0038721 0
0.003872102 3.3
0.0038741 3.3
0.003874102 0
0.003876 0
0.003876002 3.3
0.003878 3.3
0.003878002 0
0.0038799 0
0.003879902 3.3
0.0038809 3.3
0.003880902 0
0.0038829 0
0.003882902 3.3
0.0038848 3.3
0.003884802 0
0.0038868 0
0.003886802 3.3
0.0038878 3.3
0.003887802 0
0.0038897 0
0.003889702 3.3
0.0038917 3.3
0.003891702 0
0.0038926 0
0.003892602 3.3
0.0038946 3.3
0.003894602 0
0.0038965 0
0.003896502 3.3
0.0038975 3.3
0.003897502 0
0.0038995 0
0.003899502 3.3
0.0039004 3.3
0.003900402 0
0.0039024 0
0.003902402 3.3
0.0039034 3.3
0.003903402 0
0.0039053 0
0.003905302 3.3
0.0039073 3.3
0.003907302 0
0.0039083 0
0.003908302 3.3
0.0039102 3.3
0.003910202 0
0.0039112 0
0.003911202 3.3
0.0039131 3.3
0.003913102 0
0.0039141 0
0.003914102 3.3
0.0039161 3.3
0.003916102 0
0.003917 0
0.003917002 3.3
0.003919 3.3
0.003919002 0
0.00392 0
0.003920002 3.3
0.0039219 3.3
0.003921902 0
0.0039229 0
0.003922902 3.3
0.0039239 3.3
0.003923902 0
0.0039258 0
0.003925802 3.3
0.0039268 3.3
0.003926802 0
0.0039288 0
0.003928802 3.3
0.0039297 3.3
0.003929702 0
0.0039317 0
0.003931702 3.3
0.0039327 3.3
0.003932702 0
0.0039337 0
0.003933702 3.3
0.0039356 3.3
0.003935602 0
0.0039366 0
0.003936602 3.3
0.0039385 3.3
0.003938502 0
0.0039395 0
0.003939502 3.3
0.0039405 3.3
0.003940502 0
0.0039424 0
0.003942402 3.3
0.0039434 3.3
0.003943402 0
0.0039454 0
0.003945402 3.3
0.0039463 3.3
0.003946302 0
0.0039473 0
0.003947302 3.3
0.0039493 3.3
0.003949302 0
0.0039503 0
0.003950302 3.3
0.0039512 3.3
0.003951202 0
0.0039532 0
0.003953202 3.3
0.0039542 3.3
0.003954202 0
0.0039551 0
0.003955102 3.3
0.0039571 3.3
0.003957102 0
0.0039581 0
0.003958102 3.3
0.003959 3.3
0.003959002 0
0.003961 0
0.003961002 3.3
0.003962 3.3
0.003962002 0
0.0039629 0
0.003962902 3.3
0.0039649 3.3
0.003964902 0
0.0039659 0
0.003965902 3.3
0.0039669 3.3
0.003966902 0
0.0039688 0
0.003968802 3.3
0.0039698 3.3
0.003969802 0
0.0039708 0
0.003970802 3.3
0.0039717 3.3
0.003971702 0
0.0039737 0
0.003973702 3.3
0.0039747 3.3
0.003974702 0
0.0039756 0
0.003975602 3.3
0.0039776 3.3
0.003977602 0
0.0039786 0
0.003978602 3.3
0.0039795 3.3
0.003979502 0
0.0039815 0
0.003981502 3.3
0.0039825 3.3
0.003982502 0
0.0039835 0
0.003983502 3.3
0.0039844 3.3
0.003984402 0
0.0039864 0
0.003986402 3.3
0.0039874 3.3
0.003987402 0
0.0039883 0
0.003988302 3.3
0.0039903 3.3
0.003990302 0
0.0039913 0
0.003991302 3.3
0.0039922 3.3
0.003992202 0
0.0039932 0
0.003993202 3.3
0.0039952 3.3
0.003995202 0
0.0039962 0
0.003996202 3.3
0.0039971 3.3
0.003997102 0
0.0039991 0
0.003999102 3.3
0.0040001 3.3
0.004000102 0
0.004001 0
0.004001002 3.3
0.004002 3.3
0.004002002 0
0.004004 0
0.004004002 3.3
0.0040049 3.3
0.004004902 0
0.0040059 0
0.004005902 3.3
0.0040079 3.3
0.004007902 0
0.0040088 0
0.004008802 3.3
0.0040098 3.3
0.004009802 0
0.0040108 0
0.004010802 3.3
0.0040128 3.3
0.004012802 0
0.0040137 0
0.004013702 3.3
0.0040147 3.3
0.004014702 0
0.0040167 0
0.004016702 3.3
0.0040176 3.3
0.004017602 0
0.0040186 0
0.004018602 3.3
0.0040196 3.3
0.004019602 0
0.0040215 0
0.004021502 3.3
0.0040225 3.3
0.004022502 0
0.0040235 0
0.004023502 3.3
0.0040254 3.3
0.004025402 0
0.0040264 0
0.004026402 3.3
0.0040274 3.3
0.004027402 0
0.0040294 0
0.004029402 3.3
0.0040303 3.3
0.004030302 0
0.0040313 0
0.004031302 3.3
0.0040323 3.3
0.004032302 0
0.0040342 0
0.004034202 3.3
0.0040352 3.3
0.004035202 0
0.0040362 0
0.004036202 3.3
0.0040381 3.3
0.004038102 0
0.0040391 0
0.004039102 3.3
0.0040401 3.3
0.004040102 0
0.004042 0
0.004042002 3.3
0.004043 3.3
0.004043002 0
0.004044 0
0.004044002 3.3
0.004046 3.3
0.004046002 0
0.0040469 0
0.004046902 3.3
0.0040479 3.3
0.004047902 0
0.0040499 0
0.004049902 3.3
0.0040508 3.3
0.004050802 0
0.0040518 0
0.004051802 3.3
0.0040538 3.3
0.004053802 0
0.0040547 0
0.004054702 3.3
0.0040557 3.3
0.004055702 0
0.0040577 0
0.004057702 3.3
0.0040587 3.3
0.004058702 0
0.0040606 0
0.004060602 3.3
0.0040616 3.3
0.004061602 0
0.0040626 0
0.004062602 3.3
0.0040645 3.3
0.004064502 0
0.0040655 0
0.004065502 3.3
0.0040674 3.3
0.004067402 0
0.0040684 0
0.004068402 3.3
0.0040694 3.3
0.004069402 0
0.0040713 0
0.004071302 3.3
0.0040723 3.3
0.004072302 0
0.0040743 0
0.004074302 3.3
0.0040753 3.3
0.004075302 0
0.0040772 0
0.004077202 3.3
0.0040782 3.3
0.004078202 0
0.0040792 0
0.004079202 3.3
0.0040811 3.3
0.004081102 0
0.0040821 0
0.004082102 3.3
0.004084 3.3
0.004084002 0
0.004085 0
0.004085002 3.3
0.004087 3.3
0.004087002 0
0.0040879 0
0.004087902 3.3
0.0040899 3.3
0.004089902 0
0.0040909 0
0.004090902 3.3
0.0040928 3.3
0.004092802 0
0.0040938 0
0.004093802 3.3
0.0040958 3.3
0.004095802 0
0.0040977 0
0.004097702 3.3
0.0040987 3.3
0.004098702 0
0.0041006 0
0.004100602 3.3
0.0041016 3.3
0.004101602 0
0.0041036 0
0.004103602 3.3
0.0041045 3.3
0.004104502 0
0.0041065 0
0.004106502 3.3
0.0041085 3.3
0.004108502 0
0.0041094 0
0.004109402 3.3
0.0041114 3.3
0.004111402 0
0.0041133 0
0.004113302 3.3
0.0041143 3.3
0.004114302 0
0.0041163 0
0.004116302 3.3
0.0041182 3.3
0.004118202 0
0.0041202 0
0.004120202 3.3
0.0041212 3.3
0.004121202 0
0.0041231 0
0.004123102 3.3
0.0041251 3.3
0.004125102 0
0.004127 0
0.004127002 3.3
0.004129 3.3
0.004129002 0
0.0041299 0
0.004129902 3.3
0.0041319 3.3
0.004131902 0
0.0041338 0
0.004133802 3.3
0.0041358 3.3
0.004135802 0
0.0041378 0
0.004137802 3.3
0.0041397 3.3
0.004139702 0
0.0041417 0
0.004141702 3.3
0.0041436 3.3
0.004143602 0
0.0041456 0
0.004145602 3.3
0.0041475 3.3
0.004147502 0
0.0041504 0
0.004150402 3.3
0.0041524 3.3
0.004152402 0
0.0041544 0
0.004154402 3.3
0.0041563 3.3
0.004156302 0
0.0041592 0
0.004159202 3.3
0.0041612 3.3
0.004161202 0
0.0041631 0
0.004163102 3.3
0.0041661 3.3
0.004166102 0
0.004168 0
0.004168002 3.3
0.004171 3.3
0.004171002 0
0.0041739 0
0.004173902 3.3
0.0041768 3.3
0.004176802 0
0.0041797 0
0.004179702 3.3
0.0041827 3.3
0.004182702 0
0.0041856 0
0.004185602 3.3
0.0041885 3.3
0.004188502 0
0.0041924 0
0.004192402 3.3
0.0041954 3.3
0.004195402 0
0.0041993 0
0.004199302 3.3
0.0042032 3.3
0.004203202 0
0.0042081 0
0.004208102 3.3
0.0042129 3.3
0.004212902 0
0.0042188 0
0.004218802 3.3
0.0042256 3.3
0.004225602 0
0.0042364 0
0.004236402 3.3
0.0042647 3.3
0.004264702 0
0.0042754 0
0.004275402 3.3
0.0042823 3.3
0.004282302 0
0.0042881 0
0.004288102 3.3
0.004293 3.3
0.004293002 0
0.0042979 0
0.004297902 3.3
0.0043018 3.3
0.004301802 0
0.0043057 0
0.004305702 3.3
0.0043087 3.3
0.004308702 0
0.0043126 0
0.004312602 3.3
0.0043155 3.3
0.004315502 0
0.0043184 0
0.004318402 3.3
0.0043213 3.3
0.004321302 0
0.0043243 0
0.004324302 3.3
0.0043272 3.3
0.004327202 0
0.0043301 0
0.004330102 3.3
0.0043331 3.3
0.004333102 0
0.004335 0
0.004335002 3.3
0.0043379 3.3
0.004337902 0
0.0043399 0
0.004339902 3.3
0.0043419 3.3
0.004341902 0
0.0043448 0
0.004344802 3.3
0.0043467 3.3
0.004346702 0
0.0043487 0
0.004348702 3.3
0.0043506 3.3
0.004350602 0
0.0043536 0
0.004353602 3.3
0.0043555 3.3
0.004355502 0
0.0043575 0
0.004357502 3.3
0.0043594 3.3
0.004359402 0
0.0043614 0
0.004361402 3.3
0.0043633 3.3
0.004363302 0
0.0043653 0
0.004365302 3.3
0.0043672 3.3
0.004367202 0
0.0043692 0
0.004369202 3.3
0.0043712 3.3
0.004371202 0
0.0043721 0
0.004372102 3.3
0.0043741 3.3
0.004374102 0
0.004376 0
0.004376002 3.3
0.004378 3.3
0.004378002 0
0.0043799 0
0.004379902 3.3
0.0043809 3.3
0.004380902 0
0.0043829 0
0.004382902 3.3
0.0043848 3.3
0.004384802 0
0.0043868 0
0.004386802 3.3
0.0043878 3.3
0.004387802 0
0.0043897 0
0.004389702 3.3
0.0043917 3.3
0.004391702 0
0.0043926 0
0.004392602 3.3
0.0043946 3.3
0.004394602 0
0.0043965 0
0.004396502 3.3
0.0043975 3.3
0.004397502 0
0.0043995 0
0.004399502 3.3
0.0044004 3.3
0.004400402 0
0.0044024 0
0.004402402 3.3
0.0044034 3.3
0.004403402 0
0.0044053 0
0.004405302 3.3
0.0044073 3.3
0.004407302 0
0.0044083 0
0.004408302 3.3
0.0044102 3.3
0.004410202 0
0.0044112 0
0.004411202 3.3
0.0044131 3.3
0.004413102 0
0.0044141 0
0.004414102 3.3
0.0044161 3.3
0.004416102 0
0.004417 0
0.004417002 3.3
0.004419 3.3
0.004419002 0
0.00442 0
0.004420002 3.3
0.0044219 3.3
0.004421902 0
0.0044229 0
0.004422902 3.3
0.0044239 3.3
0.004423902 0
0.0044258 0
0.004425802 3.3
0.0044268 3.3
0.004426802 0
0.0044288 0
0.004428802 3.3
0.0044297 3.3
0.004429702 0
0.0044317 0
0.004431702 3.3
0.0044327 3.3
0.004432702 0
0.0044337 0
0.004433702 3.3
0.0044356 3.3
0.004435602 0
0.0044366 0
0.004436602 3.3
0.0044385 3.3
0.004438502 0
0.0044395 0
0.004439502 3.3
0.0044405 3.3
0.004440502 0
0.0044424 0
0.004442402 3.3
0.0044434 3.3
0.004443402 0
0.0044454 0
0.004445402 3.3
0.0044463 3.3
0.004446302 0
0.0044473 0
0.004447302 3.3
0.0044493 3.3
0.004449302 0
0.0044503 0
0.004450302 3.3
0.0044512 3.3
0.004451202 0
0.0044532 0
0.004453202 3.3
0.0044542 3.3
0.004454202 0
0.0044551 0
0.004455102 3.3
0.0044571 3.3
0.004457102 0
0.0044581 0
0.004458102 3.3
0.004459 3.3
0.004459002 0
0.004461 0
0.004461002 3.3
0.004462 3.3
0.004462002 0
0.0044629 0
0.004462902 3.3
0.0044649 3.3
0.004464902 0
0.0044659 0
0.004465902 3.3
0.0044669 3.3
0.004466902 0
0.0044688 0
0.004468802 3.3
0.0044698 3.3
0.004469802 0
0.0044708 0
0.004470802 3.3
0.0044717 3.3
0.004471702 0
0.0044737 0
0.004473702 3.3
0.0044747 3.3
0.004474702 0
0.0044756 0
0.004475602 3.3
0.0044776 3.3
0.004477602 0
0.0044786 0
0.004478602 3.3
0.0044795 3.3
0.004479502 0
0.0044815 0
0.004481502 3.3
0.0044825 3.3
0.004482502 0
0.0044835 0
0.004483502 3.3
0.0044844 3.3
0.004484402 0
0.0044864 0
0.004486402 3.3
0.0044874 3.3
0.004487402 0
0.0044883 0
0.004488302 3.3
0.0044903 3.3
0.004490302 0
0.0044913 0
0.004491302 3.3
0.0044922 3.3
0.004492202 0
0.0044932 0
0.004493202 3.3
0.0044952 3.3
0.004495202 0
0.0044962 0
0.004496202 3.3
0.0044971 3.3
0.004497102 0
0.0044991 0
0.004499102 3.3
0.0045001 3.3
0.004500102 0
0.004501 0
0.004501002 3.3
0.004502 3.3
0.004502002 0
0.004504 0
0.004504002 3.3
0.0045049 3.3
0.004504902 0
0.0045059 0
0.004505902 3.3
0.0045079 3.3
0.004507902 0
0.0045088 0
0.004508802 3.3
0.0045098 3.3
0.004509802 0
0.0045108 0
0.004510802 3.3
0.0045128 3.3
0.004512802 0
0.0045137 0
0.004513702 3.3
0.0045147 3.3
0.004514702 0
0.0045167 0
0.004516702 3.3
0.0045176 3.3
0.004517602 0
0.0045186 0
0.004518602 3.3
0.0045196 3.3
0.004519602 0
0.0045215 0
0.004521502 3.3
0.0045225 3.3
0.004522502 0
0.0045235 0
0.004523502 3.3
0.0045254 3.3
0.004525402 0
0.0045264 0
0.004526402 3.3
0.0045274 3.3
0.004527402 0
0.0045294 0
0.004529402 3.3
0.0045303 3.3
0.004530302 0
0.0045313 0
0.004531302 3.3
0.0045323 3.3
0.004532302 0
0.0045342 0
0.004534202 3.3
0.0045352 3.3
0.004535202 0
0.0045362 0
0.004536202 3.3
0.0045381 3.3
0.004538102 0
0.0045391 0
0.004539102 3.3
0.0045401 3.3
0.004540102 0
0.004542 0
0.004542002 3.3
0.004543 3.3
0.004543002 0
0.004544 0
0.004544002 3.3
0.004546 3.3
0.004546002 0
0.0045469 0
0.004546902 3.3
0.0045479 3.3
0.004547902 0
0.0045499 0
0.004549902 3.3
0.0045508 3.3
0.004550802 0
0.0045518 0
0.004551802 3.3
0.0045538 3.3
0.004553802 0
0.0045547 0
0.004554702 3.3
0.0045557 3.3
0.004555702 0
0.0045577 0
0.004557702 3.3
0.0045587 3.3
0.004558702 0
0.0045606 0
0.004560602 3.3
0.0045616 3.3
0.004561602 0
0.0045626 0
0.004562602 3.3
0.0045645 3.3
0.004564502 0
0.0045655 0
0.004565502 3.3
0.0045674 3.3
0.004567402 0
0.0045684 0
0.004568402 3.3
0.0045694 3.3
0.004569402 0
0.0045713 0
0.004571302 3.3
0.0045723 3.3
0.004572302 0
0.0045743 0
0.004574302 3.3
0.0045753 3.3
0.004575302 0
0.0045772 0
0.004577202 3.3
0.0045782 3.3
0.004578202 0
0.0045792 0
0.004579202 3.3
0.0045811 3.3
0.004581102 0
0.0045821 0
0.004582102 3.3
0.004584 3.3
0.004584002 0
0.004585 0
0.004585002 3.3
0.004587 3.3
0.004587002 0
0.0045879 0
0.004587902 3.3
0.0045899 3.3
0.004589902 0
0.0045909 0
0.004590902 3.3
0.0045928 3.3
0.004592802 0
0.0045938 0
0.004593802 3.3
0.0045958 3.3
0.004595802 0
0.0045977 0
0.004597702 3.3
0.0045987 3.3
0.004598702 0
0.0046006 0
0.004600602 3.3
0.0046016 3.3
0.004601602 0
0.0046036 0
0.004603602 3.3
0.0046046 3.3
0.004604602 0
0.0046065 0
0.004606502 3.3
0.0046085 3.3
0.004608502 0
0.0046094 0
0.004609402 3.3
0.0046114 3.3
0.004611402 0
0.0046133 0
0.004613302 3.3
0.0046143 3.3
0.004614302 0
0.0046163 0
0.004616302 3.3
0.0046182 3.3
0.004618202 0
0.0046202 0
0.004620202 3.3
0.0046212 3.3
0.004621202 0
0.0046231 0
0.004623102 3.3
0.0046251 3.3
0.004625102 0
0.004627 0
0.004627002 3.3
0.004629 3.3
0.004629002 0
0.0046299 0
0.004629902 3.3
0.0046319 3.3
0.004631902 0
0.0046338 0
0.004633802 3.3
0.0046358 3.3
0.004635802 0
0.0046378 0
0.004637802 3.3
0.0046397 3.3
0.004639702 0
0.0046417 0
0.004641702 3.3
0.0046436 3.3
0.004643602 0
0.0046456 0
0.004645602 3.3
0.0046475 3.3
0.004647502 0
0.0046504 0
0.004650402 3.3
0.0046524 3.3
0.004652402 0
0.0046544 0
0.004654402 3.3
0.0046563 3.3
0.004656302 0
0.0046592 0
0.004659202 3.3
0.0046612 3.3
0.004661202 0
0.0046631 0
0.004663102 3.3
0.0046661 3.3
0.004666102 0
0.004668 0
0.004668002 3.3
0.004671 3.3
0.004671002 0
0.0046739 0
0.004673902 3.3
0.0046768 3.3
0.004676802 0
0.0046797 0
0.004679702 3.3
0.0046827 3.3
0.004682702 0
0.0046856 0
0.004685602 3.3
0.0046885 3.3
0.004688502 0
0.0046924 0
0.004692402 3.3
0.0046954 3.3
0.004695402 0
0.0046993 0
0.004699302 3.3
0.0047032 3.3
0.004703202 0
0.0047081 0
0.004708102 3.3
0.0047129 3.3
0.004712902 0
0.0047188 0
0.004718802 3.3
0.0047256 3.3
0.004725602 0
0.0047364 0
0.004736402 3.3
0.0047647 3.3
0.004764702 0
0.0047754 0
0.004775402 3.3
0.0047823 3.3
0.004782302 0
0.0047881 0
0.004788102 3.3
0.004793 3.3
0.004793002 0
0.0047979 0
0.004797902 3.3
0.0048018 3.3
0.004801802 0
0.0048057 0
0.004805702 3.3
0.0048087 3.3
0.004808702 0
0.0048126 0
0.004812602 3.3
0.0048155 3.3
0.004815502 0
0.0048184 0
0.004818402 3.3
0.0048213 3.3
0.004821302 0
0.0048243 0
0.004824302 3.3
0.0048272 3.3
0.004827202 0
0.0048301 0
0.004830102 3.3
0.0048331 3.3
0.004833102 0
0.004835 0
0.004835002 3.3
0.0048379 3.3
0.004837902 0
0.0048399 0
0.004839902 3.3
0.0048419 3.3
0.004841902 0
0.0048448 0
0.004844802 3.3
0.0048467 3.3
0.004846702 0
0.0048487 0
0.004848702 3.3
0.0048506 3.3
0.004850602 0
0.0048536 0
0.004853602 3.3
0.0048555 3.3
0.004855502 0
0.0048575 0
0.004857502 3.3
0.0048594 3.3
0.004859402 0
0.0048614 0
0.004861402 3.3
0.0048633 3.3
0.004863302 0
0.0048653 0
0.004865302 3.3
0.0048672 3.3
0.004867202 0
0.0048692 0
0.004869202 3.3
0.0048712 3.3
0.004871202 0
0.0048721 0
0.004872102 3.3
0.0048741 3.3
0.004874102 0
0.004876 0
0.004876002 3.3
0.004878 3.3
0.004878002 0
0.0048799 0
0.004879902 3.3
0.0048809 3.3
0.004880902 0
0.0048829 0
0.004882902 3.3
0.0048848 3.3
0.004884802 0
0.0048868 0
0.004886802 3.3
0.0048878 3.3
0.004887802 0
0.0048897 0
0.004889702 3.3
0.0048917 3.3
0.004891702 0
0.0048926 0
0.004892602 3.3
0.0048946 3.3
0.004894602 0
0.0048965 0
0.004896502 3.3
0.0048975 3.3
0.004897502 0
0.0048995 0
0.004899502 3.3
0.0049004 3.3
0.004900402 0
0.0049024 0
0.004902402 3.3
0.0049034 3.3
0.004903402 0
0.0049053 0
0.004905302 3.3
0.0049073 3.3
0.004907302 0
0.0049083 0
0.004908302 3.3
0.0049102 3.3
0.004910202 0
0.0049112 0
0.004911202 3.3
0.0049131 3.3
0.004913102 0
0.0049141 0
0.004914102 3.3
0.0049161 3.3
0.004916102 0
0.0049171 0
0.004917102 3.3
0.004919 3.3
0.004919002 0
0.00492 0
0.004920002 3.3
0.0049219 3.3
0.004921902 0
0.0049229 0
0.004922902 3.3
0.0049239 3.3
0.004923902 0
0.0049258 0
0.004925802 3.3
0.0049268 3.3
0.004926802 0
0.0049288 0
0.004928802 3.3
0.0049297 3.3
0.004929702 0
0.0049317 0
0.004931702 3.3
0.0049327 3.3
0.004932702 0
0.0049337 0
0.004933702 3.3
0.0049356 3.3
0.004935602 0
0.0049366 0
0.004936602 3.3
0.0049385 3.3
0.004938502 0
0.0049395 0
0.004939502 3.3
0.0049405 3.3
0.004940502 0
0.0049424 0
0.004942402 3.3
0.0049434 3.3
0.004943402 0
0.0049454 0
0.004945402 3.3
0.0049463 3.3
0.004946302 0
0.0049473 0
0.004947302 3.3
0.0049493 3.3
0.004949302 0
0.0049503 0
0.004950302 3.3
0.0049512 3.3
0.004951202 0
0.0049532 0
0.004953202 3.3
0.0049542 3.3
0.004954202 0
0.0049551 0
0.004955102 3.3
0.0049571 3.3
0.004957102 0
0.0049581 0
0.004958102 3.3
0.004959 3.3
0.004959002 0
0.004961 0
0.004961002 3.3
0.004962 3.3
0.004962002 0
0.0049629 0
0.004962902 3.3
0.0049649 3.3
0.004964902 0
0.0049659 0
0.004965902 3.3
0.0049669 3.3
0.004966902 0
0.0049688 0
0.004968802 3.3
0.0049698 3.3
0.004969802 0
0.0049708 0
0.004970802 3.3
0.0049717 3.3
0.004971702 0
0.0049737 0
0.004973702 3.3
0.0049747 3.3
0.004974702 0
0.0049756 0
0.004975602 3.3
0.0049776 3.3
0.004977602 0
0.0049786 0
0.004978602 3.3
0.0049796 3.3
0.004979602 0
0.0049815 0
0.004981502 3.3
0.0049825 3.3
0.004982502 0
0.0049835 0
0.004983502 3.3
0.0049844 3.3
0.004984402 0
0.0049864 0
0.004986402 3.3
0.0049874 3.3
0.004987402 0
0.0049883 0
0.004988302 3.3
0.0049903 3.3
0.004990302 0
0.0049913 0
0.004991302 3.3
0.0049922 3.3
0.004992202 0
0.0049932 0
0.004993202 3.3
0.0049952 3.3
0.004995202 0
0.0049962 0
0.004996202 3.3
0.0049971 3.3
0.004997102 0
0.0049991 0
0.004999102 3.3
0.0050001 3.3
