0 0
2e-06 0
2.002e-06 3.3
4.9e-06 3.3
4.902e-06 0
7.9e-06 0
7.902e-06 3.3
9.8e-06 3.3
9.802e-06 0
1.27e-05 0
1.2702e-05 3.3
1.47e-05 3.3
1.4702e-05 0
1.76e-05 0
1.7602e-05 3.3
1.96e-05 3.3
1.9602e-05 0
2.25e-05 0
2.2502e-05 3.3
2.54e-05 3.3
2.5402e-05 0
2.74e-05 0
2.7402e-05 3.3
3.03e-05 3.3
3.0302e-05 0
3.23e-05 0
3.2302e-05 3.3
3.52e-05 3.3
3.5202e-05 0
3.81e-05 0
3.8102e-05 3.3
4.01e-05 3.3
4.0102e-05 0
4.3e-05 0
4.3002e-05 3.3
4.59e-05 3.3
4.5902e-05 0
4.79e-05 0
4.7902e-05 3.3
5.08e-05 3.3
5.0802e-05 0
5.38e-05 0
5.3802e-05 3.3
5.57e-05 3.3
5.5702e-05 0
5.86e-05 0
5.8602e-05 3.3
6.16e-05 3.3
6.1602e-05 0
6.45e-05 0
6.4502e-05 3.3
6.74e-05 3.3
6.7402e-05 0
6.94e-05 0
6.9402e-05 3.3
7.23e-05 3.3
7.2302e-05 0
7.52e-05 0
7.5202e-05 3.3
7.82e-05 3.3
7.8202e-05 0
8.11e-05 0
8.1102e-05 3.3
8.4e-05 3.3
8.4002e-05 0
8.7e-05 0
8.7002e-05 3.3
8.99e-05 3.3
8.9902e-05 0
9.28e-05 0
9.2802e-05 3.3
9.58e-05 3.3
9.5802e-05 0
9.87e-05 0
9.8702e-05 3.3
0.0001016 3.3
0.000101602 0
0.0001045 0
0.000104502 3.3
0.0001084 3.3
0.000108402 0
0.0001114 0
0.000111402 3.3
0.0001143 3.3
0.000114302 0
0.0001182 0
0.000118202 3.3
0.0001211 3.3
0.000121102 0
0.0001251 0
0.000125102 3.3
0.000129 3.3
0.000129002 0
0.0001319 0
0.000131902 3.3
0.0001358 3.3
0.000135802 0
0.0001397 0
0.000139702 3.3
0.0001436 3.3
0.000143602 0
0.0001475 0
0.000147502 3.3
0.0001524 3.3
0.000152402 0
0.0001563 0
0.000156302 3.3
0.0001612 3.3
0.000161202 0
0.0001661 0
0.000166102 3.3
0.0001709 3.3
0.000170902 0
0.0001768 0
0.000176802 3.3
0.0001827 3.3
0.000182702 0
0.0001885 0
0.000188502 3.3
0.0001954 3.3
0.000195402 0
0.0002032 0
0.000203202 3.3
0.0002129 3.3
0.000212902 0
0.0002256 0
0.000225602 3.3
0.0002754 3.3
0.000275402 0
0.0002881 0
0.000288102 3.3
0.0002979 3.3
0.000297902 0
0.0003057 0
0.000305702 3.3
0.0003126 3.3
0.000312602 0
0.0003184 0
0.000318402 3.3
0.0003243 3.3
0.000324302 0
0.0003301 0
0.000330102 3.3
0.000335 3.3
0.000335002 0
0.0003399 0
0.000339902 3.3
0.0003448 3.3
0.000344802 0
0.0003487 0
0.000348702 3.3
0.0003536 3.3
0.000353602 0
0.0003575 0
0.000357502 3.3
0.0003614 3.3
0.000361402 0
0.0003653 0
0.000365302 3.3
0.0003692 3.3
0.000369202 0
0.0003721 0
0.000372102 3.3
0.000376 3.3
0.000376002 0
0.0003799 0
0.000379902 3.3
0.0003829 3.3
0.000382902 0
0.0003868 0
0.000386802 3.3
0.0003897 3.3
0.000389702 0
0.0003926 0
0.000392602 3.3
0.0003965 3.3
0.000396502 0
0.0003995 0
0.000399502 3.3
0.0004024 3.3
0.000402402 0
0.0004053 0
0.000405302 3.3
0.0004083 3.3
0.000408302 0
0.0004112 0
0.000411202 3.3
0.0004141 3.3
0.000414102 0
0.000417 0
0.000417002 3.3
0.00042 3.3
0.000420002 0
0.0004229 0
0.000422902 3.3
0.0004258 3.3
0.000425802 0
0.0004288 0
0.000428802 3.3
0.0004317 3.3
0.000431702 0
0.0004336 0
0.000433602 3.3
0.0004366 3.3
0.000436602 0
0.0004395 0
0.000439502 3.3
0.0004424 3.3
0.000442402 0
0.0004454 0
0.000445402 3.3
0.0004473 3.3
0.000447302 0
0.0004502 0
0.000450202 3.3
0.0004532 3.3
0.000453202 0
0.0004551 0
0.000455102 3.3
0.0004581 3.3
0.000458102 0
0.000461 0
0.000461002 3.3
0.0004629 3.3
0.000462902 0
0.0004659 0
0.000465902 3.3
0.0004688 3.3
0.000468802 0
0.0004708 0
0.000470802 3.3
0.0004737 3.3
0.000473702 0
0.0004756 0
0.000475602 3.3
0.0004786 3.3
0.000478602 0
0.0004815 0
0.000481502 3.3
0.0004834 3.3
0.000483402 0
0.0004864 0
0.000486402 3.3
0.0004883 3.3
0.000488302 0
0.0004913 0
0.000491302 3.3
0.0004932 3.3
0.000493202 0
0.0004961 0
0.000496102 3.3
0.0004991 3.3
0.000499102 0
0.000501 0
0.000501002 3.3
0.000504 3.3
0.000504002 0
0.0005059 0
0.000505902 3.3
0.0005088 3.3
0.000508802 0
0.0005108 0
0.000510802 3.3
0.0005137 3.3
0.000513702 0
0.0005167 0
0.000516702 3.3
0.0005186 3.3
0.000518602 0
0.0005215 0
0.000521502 3.3
0.0005235 3.3
0.000523502 0
0.0005264 0
0.000526402 3.3
0.0005293 3.3
0.000529302 0
0.0005313 0
0.000531302 3.3
0.0005342 3.3
0.000534202 0
0.0005362 0
0.000536202 3.3
0.0005391 3.3
0.000539102 0
0.000542 0
0.000542002 3.3
0.000544 3.3
0.000544002 0
0.0005469 0
0.000546902 3.3
0.0005499 3.3
0.000549902 0
0.0005518 0
0.000551802 3.3
0.0005547 3.3
0.000554702 0
0.0005577 0
0.000557702 3.3
0.0005606 3.3
0.000560602 0
0.0005626 0
0.000562602 3.3
0.0005655 3.3
0.000565502 0
0.0005684 0
0.000568402 3.3
0.0005713 3.3
0.000571302 0
0.0005743 0
0.000574302 3.3
0.0005772 3.3
0.000577202 0
0.0005792 0
0.000579202 3.3
0.0005821 3.3
0.000582102 0
0.000585 0
0.000585002 3.3
0.0005879 3.3
0.000587902 0
0.0005909 0
0.000590902 3.3
0.0005938 3.3
0.000593802 0
0.0005977 0
0.000597702 3.3
0.0006006 3.3
0.000600602 0
0.0006036 0
0.000603602 3.3
0.0006065 3.3
0.000606502 0
0.0006094 0
0.000609402 3.3
0.0006133 3.3
0.000613302 0
0.0006163 0
0.000616302 3.3
0.0006202 3.3
0.000620202 0
0.0006231 0
0.000623102 3.3
0.000627 3.3
0.000627002 0
0.0006299 0
0.000629902 3.3
0.0006338 3.3
0.000633802 0
0.0006377 0
0.000637702 3.3
0.0006417 3.3
0.000641702 0
0.0006456 0
0.000645602 3.3
0.0006504 3.3
0.000650402 0
0.0006543 0
0.000654302 3.3
0.0006592 3.3
0.000659202 0
0.0006631 0
0.000663102 3.3
0.000668 3.3
0.000668002 0
0.0006739 0
0.000673902 3.3
0.0006797 3.3
0.000679702 0
0.0006856 0
0.000685602 3.3
0.0006924 3.3
0.000692402 0
0.0006993 0
0.000699302 3.3
0.0007081 3.3
0.000708102 0
0.0007188 0
0.000718802 3.3
0.0007364 3.3
0.000736402 0
0.0007647 0
0.000764702 3.3
0.0007823 3.3
0.000782302 0
0.000793 0
0.000793002 3.3
0.0008018 3.3
0.000801802 0
0.0008086 0
0.000808602 3.3
0.0008155 3.3
0.000815502 0
0.0008213 0
0.000821302 3.3
0.0008272 3.3
0.000827202 0
0.0008331 0
0.000833102 3.3
0.0008379 3.3
0.000837902 0
0.0008418 0
0.000841802 3.3
0.0008467 3.3
0.000846702 0
0.0008506 0
0.000850602 3.3
0.0008555 3.3
0.000855502 0
0.0008594 0
0.000859402 3.3
0.0008633 3.3
0.000863302 0
0.0008672 0
0.000867202 3.3
0.0008711 3.3
0.000871102 0
0.0008741 0
0.000874102 3.3
0.000878 3.3
0.000878002 0
0.0008809 0
0.000880902 3.3
0.0008848 3.3
0.000884802 0
0.0008877 0
0.000887702 3.3
0.0008917 3.3
0.000891702 0
0.0008946 0
0.000894602 3.3
0.0008975 3.3
0.000897502 0
0.0009004 0
0.000900402 3.3
0.0009034 3.3
0.000903402 0
0.0009073 0
0.000907302 3.3
0.0009102 3.3
0.000910202 0
0.0009131 0
0.000913102 3.3
0.0009161 3.3
0.000916102 0
0.000919 0
0.000919002 3.3
0.0009219 3.3
0.000921902 0
0.0009239 0
0.000923902 3.3
0.0009268 3.3
0.000926802 0
0.0009297 0
0.000929702 3.3
0.0009327 3.3
0.000932702 0
0.0009356 0
0.000935602 3.3
0.0009385 3.3
0.000938502 0
0.0009405 0
0.000940502 3.3
0.0009434 3.3
0.000943402 0
0.0009463 0
0.000946302 3.3
0.0009493 3.3
0.000949302 0
0.0009512 0
0.000951202 3.3
0.0009542 3.3
0.000954202 0
0.0009571 0
0.000957102 3.3
0.000959 3.3
0.000959002 0
0.000962 0
0.000962002 3.3
0.0009649 3.3
0.000964902 0
0.0009668 0
0.000966802 3.3
0.0009698 3.3
0.000969802 0
0.0009717 0
0.000971702 3.3
0.0009747 3.3
0.000974702 0
0.0009776 0
0.000977602 3.3
0.0009795 3.3
0.000979502 0
0.0009825 0
0.000982502 3.3
0.0009844 3.3
0.000984402 0
0.0009874 0
0.000987402 3.3
0.0009903 3.3
0.000990302 0
0.0009922 0
0.000992202 3.3
0.0009952 3.3
0.000995202 0
0.0009971 0
0.000997102 3.3
0.0010001 3.3
0.001000102 0
0.001002 0
0.001002002 3.3
0.0010049 3.3
0.001004902 0
0.0010079 0
0.001007902 3.3
0.0010098 3.3
0.001009802 0
0.0010127 0
0.001012702 3.3
0.0010147 3.3
0.001014702 0
0.0010176 0
0.001017602 3.3
0.0010196 3.3
0.001019602 0
0.0010225 0
0.001022502 3.3
0.0010254 3.3
0.001025402 0
0.0010274 0
0.001027402 3.3
0.0010303 3.3
0.001030302 0
0.0010323 0
0.001032302 3.3
0.0010352 3.3
0.001035202 0
0.0010381 0
0.001038102 3.3
0.0010401 3.3
0.001040102 0
0.001043 0
0.001043002 3.3
0.001046 3.3
0.001046002 0
0.0010479 0
0.001047902 3.3
0.0010508 3.3
0.001050802 0
0.0010538 0
0.001053802 3.3
0.0010557 3.3
0.001055702 0
0.0010586 0
0.001058602 3.3
0.0010616 3.3
0.001061602 0
0.0010645 0
0.001064502 3.3
0.0010674 3.3
0.001067402 0
0.0010694 0
0.001069402 3.3
0.0010723 3.3
0.001072302 0
0.0010752 0
0.001075202 3.3
0.0010782 3.3
0.001078202 0
0.0010811 0
0.001081102 3.3
0.001084 3.3
0.001084002 0
0.001087 0
0.001087002 3.3
0.0010899 3.3
0.001089902 0
0.0010928 0
0.001092802 3.3
0.0010958 3.3
0.001095802 0
0.0010987 0
0.001098702 3.3
0.0011016 3.3
0.001101602 0
0.0011045 0
0.001104502 3.3
0.0011085 3.3
0.001108502 0
0.0011114 0
0.001111402 3.3
0.0011143 3.3
0.001114302 0
0.0011182 0
0.001118202 3.3
0.0011211 3.3
0.001121102 0
0.0011251 0
0.001125102 3.3
0.001129 3.3
0.001129002 0
0.0011319 0
0.001131902 3.3
0.0011358 3.3
0.001135802 0
0.0011397 0
0.001139702 3.3
0.0011436 3.3
0.001143602 0
0.0011475 0
0.001147502 3.3
0.0011524 3.3
0.001152402 0
0.0011563 0
0.001156302 3.3
0.0011612 3.3
0.001161202 0
0.0011661 0
0.001166102 3.3
0.001171 3.3
0.001171002 0
0.0011768 0
0.001176802 3.3
0.0011827 3.3
0.001182702 0
0.0011885 0
0.001188502 3.3
0.0011954 3.3
0.001195402 0
0.0012032 0
0.001203202 3.3
0.0012129 3.3
0.001212902 0
0.0012256 0
0.001225602 3.3
0.0012754 3.3
0.001275402 0
0.0012881 0
0.001288102 3.3
0.0012979 3.3
0.001297902 0
0.0013057 0
0.001305702 3.3
0.0013126 3.3
0.001312602 0
0.0013184 0
0.001318402 3.3
0.0013243 3.3
0.001324302 0
0.0013301 0
0.001330102 3.3
0.001335 3.3
0.001335002 0
0.0013399 0
0.001339902 3.3
0.0013448 3.3
0.001344802 0
0.0013487 0
0.001348702 3.3
0.0013536 3.3
0.001353602 0
0.0013575 0
0.001357502 3.3
0.0013614 3.3
0.001361402 0
0.0013653 0
0.001365302 3.3
0.0013692 3.3
0.001369202 0
0.0013721 0
0.001372102 3.3
0.001376 3.3
0.001376002 0
0.0013799 0
0.001379902 3.3
0.0013829 3.3
0.001382902 0
0.0013868 0
0.001386802 3.3
0.0013897 3.3
0.001389702 0
0.0013926 0
0.001392602 3.3
0.0013965 3.3
0.001396502 0
0.0013995 0
0.001399502 3.3
0.0014024 3.3
0.001402402 0
0.0014053 0
0.001405302 3.3
0.0014083 3.3
0.001408302 0
0.0014112 0
0.001411202 3.3
0.0014141 3.3
0.001414102 0
0.001417 0
0.001417002 3.3
0.00142 3.3
0.001420002 0
0.0014229 0
0.001422902 3.3
0.0014258 3.3
0.001425802 0
0.0014288 0
0.001428802 3.3
0.0014317 3.3
0.001431702 0
0.0014336 0
0.001433602 3.3
0.0014366 3.3
0.001436602 0
0.0014395 0
0.001439502 3.3
0.0014424 3.3
0.001442402 0
0.0014454 0
0.001445402 3.3
0.0014473 3.3
0.001447302 0
0.0014502 0
0.001450202 3.3
0.0014532 3.3
0.001453202 0
0.0014551 0
0.001455102 3.3
0.0014581 3.3
0.001458102 0
0.001461 0
0.001461002 3.3
0.0014629 3.3
0.001462902 0
0.0014659 0
0.001465902 3.3
0.0014688 3.3
0.001468802 0
0.0014708 0
0.001470802 3.3
0.0014737 3.3
0.001473702 0
0.0014756 0
0.001475602 3.3
0.0014786 3.3
0.001478602 0
0.0014815 0
0.001481502 3.3
0.0014835 3.3
0.001483502 0
0.0014864 0
0.001486402 3.3
0.0014883 3.3
0.001488302 0
0.0014913 0
0.001491302 3.3
0.0014932 3.3
0.001493202 0
0.0014961 0
0.001496102 3.3
0.0014991 3.3
0.001499102 0
0.001501 0
0.001501002 3.3
0.001504 3.3
0.001504002 0
0.0015059 0
0.001505902 3.3
0.0015088 3.3
0.001508802 0
0.0015108 0
0.001510802 3.3
0.0015137 3.3
0.001513702 0
0.0015167 0
0.001516702 3.3
0.0015186 3.3
0.001518602 0
0.0015215 0
0.001521502 3.3
0.0015235 3.3
0.001523502 0
0.0015264 0
0.001526402 3.3
0.0015293 3.3
0.001529302 0
0.0015313 0
0.001531302 3.3
0.0015342 3.3
0.001534202 0
0.0015362 0
0.001536202 3.3
0.0015391 3.3
0.001539102 0
0.001542 0
0.001542002 3.3
0.001544 3.3
0.001544002 0
0.0015469 0
0.001546902 3.3
0.0015499 3.3
0.001549902 0
0.0015518 0
0.001551802 3.3
0.0015547 3.3
0.001554702 0
0.0015577 0
0.001557702 3.3
0.0015606 3.3
0.001560602 0
0.0015626 0
0.001562602 3.3
0.0015655 3.3
0.001565502 0
0.0015684 0
0.001568402 3.3
0.0015713 3.3
0.001571302 0
0.0015743 0
0.001574302 3.3
0.0015772 3.3
0.001577202 0
0.0015792 0
0.001579202 3.3
0.0015821 3.3
0.001582102 0
0.001585 0
0.001585002 3.3
0.0015879 3.3
0.001587902 0
0.0015909 0
0.001590902 3.3
0.0015938 3.3
0.001593802 0
0.0015977 0
0.001597702 3.3
0.0016006 3.3
0.001600602 0
0.0016036 0
0.001603602 3.3
0.0016065 3.3
0.001606502 0
0.0016094 0
0.001609402 3.3
0.0016133 3.3
0.001613302 0
0.0016163 0
0.001616302 3.3
0.0016202 3.3
0.001620202 0
0.0016231 0
0.001623102 3.3
0.001627 3.3
0.001627002 0
0.0016299 0
0.001629902 3.3
0.0016338 3.3
0.001633802 0
0.0016377 0
0.001637702 3.3
0.0016417 3.3
0.001641702 0
0.0016456 0
0.001645602 3.3
0.0016504 3.3
0.001650402 0
0.0016543 0
0.001654302 3.3
0.0016592 3.3
0.001659202 0
0.0016631 0
0.001663102 3.3
0.001668 3.3
0.001668002 0
0.0016739 0
0.001673902 3.3
0.0016797 3.3
0.001679702 0
0.0016856 0
0.001685602 3.3
0.0016924 3.3
0.001692402 0
0.0016993 0
0.001699302 3.3
0.0017081 3.3
0.001708102 0
0.0017188 0
0.001718802 3.3
0.0017364 3.3
0.001736402 0
0.0017647 0
0.001764702 3.3
0.0017823 3.3
0.001782302 0
0.001793 0
0.001793002 3.3
0.0018018 3.3
0.001801802 0
0.0018086 0
0.001808602 3.3
0.0018155 3.3
0.001815502 0
0.0018213 0
0.001821302 3.3
0.0018272 3.3
0.001827202 0
0.0018331 0
0.001833102 3.3
0.0018379 3.3
0.001837902 0
0.0018419 0
0.001841902 3.3
0.0018467 3.3
0.001846702 0
0.0018506 0
0.001850602 3.3
0.0018555 3.3
0.001855502 0
0.0018594 0
0.001859402 3.3
0.0018633 3.3
0.001863302 0
0.0018672 0
0.001867202 3.3
0.0018711 3.3
0.001871102 0
0.0018741 0
0.001874102 3.3
0.001878 3.3
0.001878002 0
0.0018809 0
0.001880902 3.3
0.0018848 3.3
0.001884802 0
0.0018877 0
0.001887702 3.3
0.0018917 3.3
0.001891702 0
0.0018946 0
0.001894602 3.3
0.0018975 3.3
0.001897502 0
0.0019004 0
0.001900402 3.3
0.0019034 3.3
0.001903402 0
0.0019073 0
0.001907302 3.3
0.0019102 3.3
0.001910202 0
0.0019131 0
0.001913102 3.3
0.0019161 3.3
0.001916102 0
0.001919 0
0.001919002 3.3
0.0019219 3.3
0.001921902 0
0.0019239 0
0.001923902 3.3
0.0019268 3.3
0.001926802 0
0.0019297 0
0.001929702 3.3
0.0019327 3.3
0.001932702 0
0.0019356 0
0.001935602 3.3
0.0019385 3.3
0.001938502 0
0.0019405 0
0.001940502 3.3
0.0019434 3.3
0.001943402 0
0.0019463 0
0.001946302 3.3
0.0019493 3.3
0.001949302 0
0.0019512 0
0.001951202 3.3
0.0019542 3.3
0.001954202 0
0.0019571 0
0.001957102 3.3
0.001959 3.3
0.001959002 0
0.001962 0
0.001962002 3.3
0.0019649 3.3
0.001964902 0
0.0019669 0
0.001966902 3.3
0.0019698 3.3
0.001969802 0
0.0019717 0
0.001971702 3.3
0.0019747 3.3
0.001974702 0
0.0019776 0
0.001977602 3.3
0.0019795 3.3
0.001979502 0
0.0019825 0
0.001982502 3.3
0.0019844 3.3
0.001984402 0
0.0019874 0
0.001987402 3.3
0.0019903 3.3
0.001990302 0
0.0019922 0
0.001992202 3.3
0.0019952 3.3
0.001995202 0
0.0019971 0
0.001997102 3.3
0.0020001 3.3
0.002000102 0
0.002002 0
0.002002002 3.3
0.0020049 3.3
0.002004902 0
0.0020079 0
0.002007902 3.3
0.0020098 3.3
0.002009802 0
0.0020127 0
0.002012702 3.3
0.0020147 3.3
0.002014702 0
0.0020176 0
0.002017602 3.3
0.0020196 3.3
0.002019602 0
0.0020225 0
0.002022502 3.3
0.0020254 3.3
0.002025402 0
0.0020274 0
0.002027402 3.3
0.0020303 3.3
0.002030302 0
0.0020323 0
0.002032302 3.3
0.0020352 3.3
0.002035202 0
0.0020381 0
0.002038102 3.3
0.0020401 3.3
0.002040102 0
0.002043 0
0.002043002 3.3
0.002046 3.3
0.002046002 0
0.0020479 0
0.002047902 3.3
0.0020508 3.3
0.002050802 0
0.0020538 0
0.002053802 3.3
0.0020557 3.3
0.002055702 0
0.0020586 0
0.002058602 3.3
0.0020616 3.3
0.002061602 0
0.0020645 0
0.002064502 3.3
0.0020674 3.3
0.002067402 0
0.0020694 0
0.002069402 3.3
0.0020723 3.3
0.002072302 0
0.0020752 0
0.002075202 3.3
0.0020782 3.3
0.002078202 0
0.0020811 0
0.002081102 3.3
0.002084 3.3
0.002084002 0
0.002087 0
0.002087002 3.3
0.0020899 3.3
0.002089902 0
0.0020928 0
0.002092802 3.3
0.0020958 3.3
0.002095802 0
0.0020987 0
0.002098702 3.3
0.0021016 3.3
0.002101602 0
0.0021045 0
0.002104502 3.3
0.0021085 3.3
0.002108502 0
0.0021114 0
0.002111402 3.3
0.0021143 3.3
0.002114302 0
0.0021182 0
0.002118202 3.3
0.0021211 3.3
0.002121102 0
0.0021251 0
0.002125102 3.3
0.002129 3.3
0.002129002 0
0.0021319 0
0.002131902 3.3
0.0021358 3.3
0.002135802 0
0.0021397 0
0.002139702 3.3
0.0021436 3.3
0.002143602 0
0.0021475 0
0.002147502 3.3
0.0021524 3.3
0.002152402 0
0.0021563 0
0.002156302 3.3
0.0021612 3.3
0.002161202 0
0.0021661 0
0.002166102 3.3
0.002171 3.3
0.002171002 0
0.0021768 0
0.002176802 3.3
0.0021827 3.3
0.002182702 0
0.0021885 0
0.002188502 3.3
0.0021954 3.3
0.002195402 0
0.0022032 0
0.002203202 3.3
0.0022129 3.3
0.002212902 0
0.0022256 0
0.002225602 3.3
0.0022754 3.3
0.002275402 0
0.0022881 0
0.002288102 3.3
0.0022979 3.3
0.002297902 0
0.0023057 0
0.002305702 3.3
0.0023126 3.3
0.002312602 0
0.0023184 0
0.002318402 3.3
0.0023243 3.3
0.002324302 0
0.0023301 0
0.002330102 3.3
0.002335 3.3
0.002335002 0
0.0023399 0
0.002339902 3.3
0.0023448 3.3
0.002344802 0
0.0023487 0
0.002348702 3.3
0.0023536 3.3
0.002353602 0
0.0023575 0
0.002357502 3.3
0.0023614 3.3
0.002361402 0
0.0023653 0
0.002365302 3.3
0.0023692 3.3
0.002369202 0
0.0023721 0
0.002372102 3.3
0.002376 3.3
0.002376002 0
0.0023799 0
0.002379902 3.3
0.0023829 3.3
0.002382902 0
0.0023868 0
0.002386802 3.3
0.0023897 3.3
0.002389702 0
0.0023926 0
0.002392602 3.3
0.0023965 3.3
0.002396502 0
0.0023995 0
0.002399502 3.3
0.0024024 3.3
0.002402402 0
0.0024053 0
0.002405302 3.3
0.0024083 3.3
0.002408302 0
0.0024112 0
0.002411202 3.3
0.0024141 3.3
0.002414102 0
0.002417 0
0.002417002 3.3
0.00242 3.3
0.002420002 0
0.0024229 0
0.002422902 3.3
0.0024258 3.3
0.002425802 0
0.0024288 0
0.002428802 3.3
0.0024317 3.3
0.002431702 0
0.0024336 0
0.002433602 3.3
0.0024366 3.3
0.002436602 0
0.0024395 0
0.002439502 3.3
0.0024424 3.3
0.002442402 0
0.0024454 0
0.002445402 3.3
0.0024473 3.3
0.002447302 0
0.0024502 0
0.002450202 3.3
0.0024532 3.3
0.002453202 0
0.0024551 0
0.002455102 3.3
0.0024581 3.3
0.002458102 0
0.002461 0
0.002461002 3.3
0.0024629 3.3
0.002462902 0
0.0024659 0
0.002465902 3.3
0.0024688 3.3
0.002468802 0
0.0024708 0
0.002470802 3.3
0.0024737 3.3
0.002473702 0
0.0024756 0
0.002475602 3.3
0.0024786 3.3
0.002478602 0
0.0024815 0
0.002481502 3.3
0.0024835 3.3
0.002483502 0
0.0024864 0
0.002486402 3.3
0.0024883 3.3
0.002488302 0
0.0024913 0
0.002491302 3.3
0.0024932 3.3
0.002493202 0
0.0024961 0
0.002496102 3.3
0.0024991 3.3
0.002499102 0
0.002501 0
0.002501002 3.3
0.002504 3.3
0.002504002 0
0.0025059 0
0.002505902 3.3
0.0025088 3.3
0.002508802 0
0.0025108 0
0.002510802 3.3
0.0025137 3.3
0.002513702 0
0.0025167 0
0.002516702 3.3
0.0025186 3.3
0.002518602 0
0.0025215 0
0.002521502 3.3
0.0025235 3.3
0.002523502 0
0.0025264 0
0.002526402 3.3
0.0025294 3.3
0.002529402 0
0.0025313 0
0.002531302 3.3
0.0025342 3.3
0.002534202 0
0.0025362 0
0.002536202 3.3
0.0025391 3.3
0.002539102 0
0.002542 0
0.002542002 3.3
0.002544 3.3
0.002544002 0
0.0025469 0
0.002546902 3.3
0.0025499 3.3
0.002549902 0
0.0025518 0
0.002551802 3.3
0.0025547 3.3
0.002554702 0
0.0025577 0
0.002557702 3.3
0.0025606 3.3
0.002560602 0
0.0025626 0
0.002562602 3.3
0.0025655 3.3
0.002565502 0
0.0025684 0
0.002568402 3.3
0.0025713 3.3
0.002571302 0
0.0025743 0
0.002574302 3.3
0.0025772 3.3
0.002577202 0
0.0025792 0
0.002579202 3.3
0.0025821 3.3
0.002582102 0
0.002585 0
0.002585002 3.3
0.0025879 3.3
0.002587902 0
0.0025909 0
0.002590902 3.3
0.0025938 3.3
0.002593802 0
0.0025977 0
0.002597702 3.3
0.0026006 3.3
0.002600602 0
0.0026036 0
0.002603602 3.3
0.0026065 3.3
0.002606502 0
0.0026094 0
0.002609402 3.3
0.0026133 3.3
0.002613302 0
0.0026163 0
0.002616302 3.3
0.0026202 3.3
0.002620202 0
0.0026231 0
0.002623102 3.3
0.002627 3.3
0.002627002 0
0.0026299 0
0.002629902 3.3
0.0026338 3.3
0.002633802 0
0.0026377 0
0.002637702 3.3
0.0026417 3.3
0.002641702 0
0.0026456 0
0.002645602 3.3
0.0026504 3.3
0.002650402 0
0.0026544 0
0.002654402 3.3
0.0026592 3.3
0.002659202 0
0.0026631 0
0.002663102 3.3
0.002668 3.3
0.002668002 0
0.0026739 0
0.002673902 3.3
0.0026797 3.3
0.002679702 0
0.0026856 0
0.002685602 3.3
0.0026924 3.3
0.002692402 0
0.0026993 0
0.002699302 3.3
0.0027081 3.3
0.002708102 0
0.0027188 0
0.002718802 3.3
0.0027364 3.3
0.002736402 0
0.0027647 0
0.002764702 3.3
0.0027823 3.3
0.002782302 0
0.002793 0
0.002793002 3.3
0.0028018 3.3
0.002801802 0
0.0028086 0
0.002808602 3.3
0.0028155 3.3
0.002815502 0
0.0028213 0
0.002821302 3.3
0.0028272 3.3
0.002827202 0
0.0028331 0
0.002833102 3.3
0.0028379 3.3
0.002837902 0
0.0028419 0
0.002841902 3.3
0.0028467 3.3
0.002846702 0
0.0028506 0
0.002850602 3.3
0.0028555 3.3
0.002855502 0
0.0028594 0
0.002859402 3.3
0.0028633 3.3
0.002863302 0
0.0028672 0
0.002867202 3.3
0.0028711 3.3
0.002871102 0
0.0028741 0
0.002874102 3.3
0.002878 3.3
0.002878002 0
0.0028809 0
0.002880902 3.3
0.0028848 3.3
0.002884802 0
0.0028878 0
0.002887802 3.3
0.0028917 3.3
0.002891702 0
0.0028946 0
0.002894602 3.3
0.0028975 3.3
0.002897502 0
0.0029004 0
0.002900402 3.3
0.0029034 3.3
0.002903402 0
0.0029073 0
0.002907302 3.3
0.0029102 3.3
0.002910202 0
0.0029131 0
0.002913102 3.3
0.0029161 3.3
0.002916102 0
0.002919 0
0.002919002 3.3
0.0029219 3.3
0.002921902 0
0.0029239 0
0.002923902 3.3
0.0029268 3.3
0.002926802 0
0.0029297 0
0.002929702 3.3
0.0029327 3.3
0.002932702 0
0.0029356 0
0.002935602 3.3
0.0029385 3.3
0.002938502 0
0.0029405 0
0.002940502 3.3
0.0029434 3.3
0.002943402 0
0.0029463 0
0.002946302 3.3
0.0029493 3.3
0.002949302 0
0.0029512 0
0.002951202 3.3
0.0029542 3.3
0.002954202 0
0.0029571 0
0.002957102 3.3
0.002959 3.3
0.002959002 0
0.002962 0
0.002962002 3.3
0.0029649 3.3
0.002964902 0
0.0029669 0
0.002966902 3.3
0.0029698 3.3
0.002969802 0
0.0029717 0
0.002971702 3.3
0.0029747 3.3
0.002974702 0
0.0029776 0
0.002977602 3.3
0.0029795 3.3
0.002979502 0
0.0029825 0
0.002982502 3.3
0.0029844 3.3
0.002984402 0
0.0029874 0
0.002987402 3.3
0.0029903 3.3
0.002990302 0
0.0029922 0
0.002992202 3.3
0.0029952 3.3
0.002995202 0
0.0029971 0
0.002997102 3.3
0.0030001 3.3
0.003000102 0
0.003002 0
0.003002002 3.3
0.0030049 3.3
0.003004902 0
0.0030079 0
0.003007902 3.3
0.0030098 3.3
0.003009802 0
0.0030128 0
0.003012802 3.3
0.0030147 3.3
0.003014702 0
0.0030176 0
0.003017602 3.3
0.0030196 3.3
0.003019602 0
0.0030225 0
0.003022502 3.3
0.0030254 3.3
0.003025402 0
0.0030274 0
0.003027402 3.3
0.0030303 3.3
0.003030302 0
0.0030323 0
0.003032302 3.3
0.0030352 3.3
0.003035202 0
0.0030381 0
0.003038102 3.3
0.0030401 3.3
0.003040102 0
0.003043 0
0.003043002 3.3
0.003046 3.3
0.003046002 0
0.0030479 0
0.003047902 3.3
0.0030508 3.3
0.003050802 0
0.0030538 0
0.003053802 3.3
0.0030557 3.3
0.003055702 0
0.0030586 0
0.003058602 3.3
0.0030616 3.3
0.003061602 0
0.0030645 0
0.003064502 3.3
0.0030674 3.3
0.003067402 0
0.0030694 0
0.003069402 3.3
0.0030723 3.3
0.003072302 0
0.0030753 0
0.003075302 3.3
0.0030782 3.3
0.003078202 0
0.0030811 0
0.003081102 3.3
0.003084 3.3
0.003084002 0
0.003087 0
0.003087002 3.3
0.0030899 3.3
0.003089902 0
0.0030928 0
0.003092802 3.3
0.0030958 3.3
0.003095802 0
0.0030987 0
0.003098702 3.3
0.0031016 3.3
0.003101602 0
0.0031045 0
0.003104502 3.3
0.0031085 3.3
0.003108502 0
0.0031114 0
0.003111402 3.3
0.0031143 3.3
0.003114302 0
0.0031182 0
0.003118202 3.3
0.0031211 3.3
0.003121102 0
0.0031251 0
0.003125102 3.3
0.003129 3.3
0.003129002 0
0.0031319 0
0.003131902 3.3
0.0031358 3.3
0.003135802 0
0.0031397 0
0.003139702 3.3
0.0031436 3.3
0.003143602 0
0.0031475 0
0.003147502 3.3
0.0031524 3.3
0.003152402 0
0.0031563 0
0.003156302 3.3
0.0031612 3.3
0.003161202 0
0.0031661 0
0.003166102 3.3
0.003171 3.3
0.003171002 0
0.0031768 0
0.003176802 3.3
0.0031827 3.3
0.003182702 0
0.0031885 0
0.003188502 3.3
0.0031954 3.3
0.003195402 0
0.0032032 0
0.003203202 3.3
0.0032129 3.3
0.003212902 0
0.0032256 0
0.003225602 3.3
0.0032754 3.3
0.003275402 0
0.0032881 0
0.003288102 3.3
0.0032979 3.3
0.003297902 0
0.0033057 0
0.003305702 3.3
0.0033126 3.3
0.003312602 0
0.0033184 0
0.003318402 3.3
0.0033243 3.3
0.003324302 0
0.0033301 0
0.003330102 3.3
0.003335 3.3
0.003335002 0
0.0033399 0
0.003339902 3.3
0.0033448 3.3
0.003344802 0
0.0033487 0
0.003348702 3.3
0.0033536 3.3
0.003353602 0
0.0033575 0
0.003357502 3.3
0.0033614 3.3
0.003361402 0
0.0033653 0
0.003365302 3.3
0.0033692 3.3
0.003369202 0
0.0033721 0
0.003372102 3.3
0.003376 3.3
0.003376002 0
0.0033799 0
0.003379902 3.3
0.0033829 3.3
0.003382902 0
0.0033868 0
0.003386802 3.3
0.0033897 3.3
0.003389702 0
0.0033926 0
0.003392602 3.3
0.0033965 3.3
0.003396502 0
0.0033995 0
0.003399502 3.3
0.0034024 3.3
0.003402402 0
0.0034053 0
0.003405302 3.3
0.0034083 3.3
0.003408302 0
0.0034112 0
0.003411202 3.3
0.0034141 3.3
0.003414102 0
0.003417 0
0.003417002 3.3
0.00342 3.3
0.003420002 0
0.0034229 0
0.003422902 3.3
0.0034258 3.3
0.003425802 0
0.0034288 0
0.003428802 3.3
0.0034317 3.3
0.003431702 0
0.0034336 0
0.003433602 3.3
0.0034366 3.3
0.003436602 0
0.0034395 0
0.003439502 3.3
0.0034424 3.3
0.003442402 0
0.0034454 0
0.003445402 3.3
0.0034473 3.3
0.003447302 0
0.0034503 0
0.003450302 3.3
0.0034532 3.3
0.003453202 0
0.0034551 0
0.003455102 3.3
0.0034581 3.3
0.003458102 0
0.003461 0
0.003461002 3.3
0.0034629 3.3
0.003462902 0
0.0034659 0
0.003465902 3.3
0.0034688 3.3
0.003468802 0
0.0034708 0
0.003470802 3.3
0.0034737 3.3
0.003473702 0
0.0034756 0
0.003475602 3.3
0.0034786 3.3
0.003478602 0
0.0034815 0
0.003481502 3.3
0.0034835 3.3
0.003483502 0
0.0034864 0
0.003486402 3.3
0.0034883 3.3
0.003488302 0
0.0034913 0
0.003491302 3.3
0.0034932 3.3
0.003493202 0
0.0034961 0
0.003496102 3.3
0.0034991 3.3
0.003499102 0
0.003501 0
0.003501002 3.3
0.003504 3.3
0.003504002 0
0.0035059 0
0.003505902 3.3
0.0035088 3.3
0.003508802 0
0.0035108 0
0.003510802 3.3
0.0035137 3.3
0.003513702 0
0.0035167 0
0.003516702 3.3
0.0035186 3.3
0.003518602 0
0.0035215 0
0.003521502 3.3
0.0035235 3.3
0.003523502 0
0.0035264 0
0.003526402 3.3
0.0035294 3.3
0.003529402 0
0.0035313 0
0.003531302 3.3
0.0035342 3.3
0.003534202 0
0.0035362 0
0.003536202 3.3
0.0035391 3.3
0.003539102 0
0.003542 0
0.003542002 3.3
0.003544 3.3
0.003544002 0
0.0035469 0
0.003546902 3.3
0.0035499 3.3
0.003549902 0
0.0035518 0
0.003551802 3.3
0.0035547 3.3
0.003554702 0
0.0035577 0
0.003557702 3.3
0.0035606 3.3
0.003560602 0
0.0035626 0
0.003562602 3.3
0.0035655 3.3
0.003565502 0
0.0035684 0
0.003568402 3.3
0.0035713 3.3
0.003571302 0
0.0035743 0
0.003574302 3.3
0.0035772 3.3
0.003577202 0
0.0035792 0
0.003579202 3.3
0.0035821 3.3
0.003582102 0
0.003585 0
0.003585002 3.3
0.0035879 3.3
0.003587902 0
0.0035909 0
0.003590902 3.3
0.0035938 3.3
0.003593802 0
0.0035977 0
0.003597702 3.3
0.0036006 3.3
0.003600602 0
0.0036036 0
0.003603602 3.3
0.0036065 3.3
0.003606502 0
0.0036094 0
0.003609402 3.3
0.0036133 3.3
0.003613302 0
0.0036163 0
0.003616302 3.3
0.0036202 3.3
0.003620202 0
0.0036231 0
0.003623102 3.3
0.003627 3.3
0.003627002 0
0.0036299 0
0.003629902 3.3
0.0036338 3.3
0.003633802 0
0.0036378 0
0.003637802 3.3
0.0036417 3.3
0.003641702 0
0.0036456 0
0.003645602 3.3
0.0036504 3.3
0.003650402 0
0.0036544 0
0.003654402 3.3
0.0036592 3.3
0.003659202 0
0.0036631 0
0.003663102 3.3
0.003668 3.3
0.003668002 0
0.0036739 0
0.003673902 3.3
0.0036797 3.3
0.003679702 0
0.0036856 0
0.003685602 3.3
0.0036924 3.3
0.003692402 0
0.0036993 0
0.003699302 3.3
0.0037081 3.3
0.003708102 0
0.0037188 0
0.003718802 3.3
0.0037364 3.3
0.003736402 0
0.0037647 0
0.003764702 3.3
0.0037823 3.3
0.003782302 0
0.003793 0
0.003793002 3.3
0.0038018 3.3
0.003801802 0
0.0038087 0
0.003808702 3.3
0.0038155 3.3
0.003815502 0
0.0038213 0
0.003821302 3.3
0.0038272 3.3
0.003827202 0
0.0038331 0
0.003833102 3.3
0.0038379 3.3
0.003837902 0
0.0038419 0
0.003841902 3.3
0.0038467 3.3
0.003846702 0
0.0038506 0
0.003850602 3.3
0.0038555 3.3
0.003855502 0
0.0038594 0
0.003859402 3.3
0.0038633 3.3
0.003863302 0
0.0038672 0
0.003867202 3.3
0.0038712 3.3
0.003871202 0
0.0038741 0
0.003874102 3.3
0.003878 3.3
0.003878002 0
0.0038809 0
0.003880902 3.3
0.0038848 3.3
0.003884802 0
0.0038878 0
0.003887802 3.3
0.0038917 3.3
0.003891702 0
0.0038946 0
0.003894602 3.3
0.0038975 3.3
0.003897502 0
0.0039004 0
0.003900402 3.3
0.0039034 3.3
0.003903402 0
0.0039073 0
0.003907302 3.3
0.0039102 3.3
0.003910202 0
0.0039131 0
0.003913102 3.3
0.0039161 3.3
0.003916102 0
0.003919 0
0.003919002 3.3
0.0039219 3.3
0.003921902 0
0.0039239 0
0.003923902 3.3
0.0039268 3.3
0.003926802 0
0.0039297 0
0.003929702 3.3
0.0039327 3.3
0.003932702 0
0.0039356 0
0.003935602 3.3
0.0039385 3.3
0.003938502 0
0.0039405 0
0.003940502 3.3
0.0039434 3.3
0.003943402 0
0.0039463 0
0.003946302 3.3
0.0039493 3.3
0.003949302 0
0.0039512 0
0.003951202 3.3
0.0039542 3.3
0.003954202 0
0.0039571 0
0.003957102 3.3
0.003959 3.3
0.003959002 0
0.003962 0
0.003962002 3.3
0.0039649 3.3
0.003964902 0
0.0039669 0
0.003966902 3.3
0.0039698 3.3
0.003969802 0
0.0039717 0
0.003971702 3.3
0.0039747 3.3
0.003974702 0
0.0039776 0
0.003977602 3.3
0.0039795 3.3
0.003979502 0
0.0039825 0
0.003982502 3.3
0.0039844 3.3
0.003984402 0
0.0039874 0
0.003987402 3.3
0.0039903 3.3
0.003990302 0
0.0039922 0
0.003992202 3.3
0.0039952 3.3
0.003995202 0
0.0039971 0
0.003997102 3.3
0.0040001 3.3
0.004000102 0
0.004002 0
0.004002002 3.3
0.0040049 3.3
0.004004902 0
0.0040079 0
0.004007902 3.3
0.0040098 3.3
0.004009802 0
0.0040128 0
0.004012802 3.3
0.0040147 3.3
0.004014702 0
0.0040176 0
0.004017602 3.3
0.0040196 3.3
0.004019602 0
0.0040225 0
0.004022502 3.3
0.0040254 3.3
0.004025402 0
0.0040274 0
0.004027402 3.3
0.0040303 3.3
0.004030302 0
0.0040323 0
0.004032302 3.3
0.0040352 3.3
0.004035202 0
0.0040381 0
0.004038102 3.3
0.0040401 3.3
0.004040102 0
0.004043 0
0.004043002 3.3
0.004046 3.3
0.004046002 0
0.0040479 0
0.004047902 3.3
0.0040508 3.3
0.004050802 0
0.0040538 0
0.004053802 3.3
0.0040557 3.3
0.004055702 0
0.0040587 0
0.004058702 3.3
0.0040616 3.3
0.004061602 0
0.0040645 0
0.004064502 3.3
0.0040674 3.3
0.004067402 0
0.0040694 0
0.004069402 3.3
0.0040723 3.3
0.004072302 0
0.0040753 0
0.004075302 3.3
0.0040782 3.3
0.004078202 0
0.0040811 0
0.004081102 3.3
0.004084 3.3
0.004084002 0
0.004087 0
0.004087002 3.3
0.0040899 3.3
0.004089902 0
0.0040928 0
0.004092802 3.3
0.0040958 3.3
0.004095802 0
0.0040987 0
0.004098702 3.3
0.0041016 3.3
0.004101602 0
0.0041045 0
0.004104502 3.3
0.0041085 3.3
0.004108502 0
0.0041114 0
0.004111402 3.3
0.0041143 3.3
0.004114302 0
0.0041182 0
0.004118202 3.3
0.0041212 3.3
0.004121202 0
0.0041251 0
0.004125102 3.3
0.004129 3.3
0.004129002 0
0.0041319 0
0.004131902 3.3
0.0041358 3.3
0.004135802 0
0.0041397 0
0.004139702 3.3
0.0041436 3.3
0.004143602 0
0.0041475 0
0.004147502 3.3
0.0041524 3.3
0.004152402 0
0.0041563 0
0.004156302 3.3
0.0041612 3.3
0.004161202 0
0.0041661 0
0.004166102 3.3
0.004171 3.3
0.004171002 0
0.0041768 0
0.004176802 3.3
0.0041827 3.3
0.004182702 0
0.0041885 0
0.004188502 3.3
0.0041954 3.3
0.004195402 0
0.0042032 0
0.004203202 3.3
0.0042129 3.3
0.004212902 0
0.0042256 0
0.004225602 3.3
0.0042754 3.3
0.004275402 0
0.0042881 0
0.004288102 3.3
0.0042979 3.3
0.004297902 0
0.0043057 0
0.004305702 3.3
0.0043126 3.3
0.004312602 0
0.0043184 0
0.004318402 3.3
0.0043243 3.3
0.004324302 0
0.0043301 0
0.004330102 3.3
0.004335 3.3
0.004335002 0
0.0043399 0
0.004339902 3.3
0.0043448 3.3
0.004344802 0
0.0043487 0
0.004348702 3.3
0.0043536 3.3
0.004353602 0
0.0043575 0
0.004357502 3.3
0.0043614 3.3
0.004361402 0
0.0043653 0
0.004365302 3.3
0.0043692 3.3
0.004369202 0
0.0043721 0
0.004372102 3.3
0.004376 3.3
0.004376002 0
0.0043799 0
0.004379902 3.3
0.0043829 3.3
0.004382902 0
0.0043868 0
0.004386802 3.3
0.0043897 3.3
0.004389702 0
0.0043926 0
0.004392602 3.3
0.0043965 3.3
0.004396502 0
0.0043995 0
0.004399502 3.3
0.0044024 3.3
0.004402402 0
0.0044053 0
0.004405302 3.3
0.0044083 3.3
0.004408302 0
0.0044112 0
0.004411202 3.3
0.0044141 3.3
0.004414102 0
0.004417 0
0.004417002 3.3
0.00442 3.3
0.004420002 0
0.0044229 0
0.004422902 3.3
0.0044258 3.3
0.004425802 0
0.0044288 0
0.004428802 3.3
0.0044317 3.3
0.004431702 0
0.0044337 0
0.004433702 3.3
0.0044366 3.3
0.004436602 0
0.0044395 0
0.004439502 3.3
0.0044424 3.3
0.004442402 0
0.0044454 0
0.004445402 3.3
0.0044473 3.3
0.004447302 0
0.0044503 0
0.004450302 3.3
0.0044532 3.3
0.004453202 0
0.0044551 0
0.004455102 3.3
0.0044581 3.3
0.004458102 0
0.004461 0
0.004461002 3.3
0.0044629 3.3
0.004462902 0
0.0044659 0
0.004465902 3.3
0.0044688 3.3
0.004468802 0
0.0044708 0
0.004470802 3.3
0.0044737 3.3
0.004473702 0
0.0044756 0
0.004475602 3.3
0.0044786 3.3
0.004478602 0
0.0044815 0
0.004481502 3.3
0.0044835 3.3
0.004483502 0
0.0044864 0
0.004486402 3.3
0.0044883 3.3
0.004488302 0
0.0044913 0
0.004491302 3.3
0.0044932 3.3
0.004493202 0
0.0044962 0
0.004496202 3.3
0.0044991 3.3
0.004499102 0
0.004501 0
0.004501002 3.3
0.004504 3.3
0.004504002 0
0.0045059 0
0.004505902 3.3
0.0045088 3.3
0.004508802 0
0.0045108 0
0.004510802 3.3
0.0045137 3.3
0.004513702 0
0.0045167 0
0.004516702 3.3
0.0045186 3.3
0.004518602 0
0.0045215 0
0.004521502 3.3
0.0045235 3.3
0.004523502 0
0.0045264 0
0.004526402 3.3
0.0045294 3.3
0.004529402 0
0.0045313 0
0.004531302 3.3
0.0045342 3.3
0.004534202 0
0.0045362 0
0.004536202 3.3
0.0045391 3.3
0.004539102 0
0.004542 0
0.004542002 3.3
0.004544 3.3
0.004544002 0
0.0045469 0
0.004546902 3.3
0.0045499 3.3
0.004549902 0
0.0045518 0
0.004551802 3.3
0.0045547 3.3
0.004554702 0
0.0045577 0
0.004557702 3.3
0.0045606 3.3
0.004560602 0
0.0045626 0
0.004562602 3.3
0.0045655 3.3
0.004565502 0
0.0045684 0
0.004568402 3.3
0.0045713 3.3
0.004571302 0
0.0045743 0
0.004574302 3.3
0.0045772 3.3
0.004577202 0
0.0045792 0
0.004579202 3.3
0.0045821 3.3
0.004582102 0
0.004585 0
0.004585002 3.3
0.0045879 3.3
0.004587902 0
0.0045909 0
0.004590902 3.3
0.0045938 3.3
0.004593802 0
0.0045977 0
0.004597702 3.3
0.0046006 3.3
0.004600602 0
0.0046036 0
0.004603602 3.3
0.0046065 3.3
0.004606502 0
0.0046094 0
0.004609402 3.3
0.0046133 3.3
0.004613302 0
0.0046163 0
0.004616302 3.3
0.0046202 3.3
0.004620202 0
0.0046231 0
0.004623102 3.3
0.004627 3.3
0.004627002 0
0.0046299 0
0.004629902 3.3
0.0046338 3.3
0.004633802 0
0.0046378 0
0.004637802 3.3
0.0046417 3.3
0.004641702 0
0.0046456 0
0.004645602 3.3
0.0046504 3.3
0.004650402 0
0.0046544 0
0.004654402 3.3
0.0046592 3.3
0.004659202 0
0.0046631 0
0.004663102 3.3
0.004668 3.3
0.004668002 0
0.0046739 0
0.004673902 3.3
0.0046797 3.3
0.004679702 0
0.0046856 0
0.004685602 3.3
0.0046924 3.3
0.004692402 0
0.0046993 0
0.004699302 3.3
0.0047081 3.3
0.004708102 0
0.0047188 0
0.004718802 3.3
0.0047364 3.3
0.004736402 0
0.0047647 0
0.004764702 3.3
0.0047823 3.3
0.004782302 0
0.004793 0
0.004793002 3.3
0.0048018 3.3
0.004801802 0
0.0048087 0
0.004808702 3.3
0.0048155 3.3
0.004815502 0
0.0048213 0
0.004821302 3.3
0.0048272 3.3
0.004827202 0
0.0048331 0
0.004833102 3.3
0.0048379 3.3
0.004837902 0
0.0048419 0
0.004841902 3.3
0.0048467 3.3
0.004846702 0
0.0048506 0
0.004850602 3.3
0.0048555 3.3
0.004855502 0
0.0048594 0
0.004859402 3.3
0.0048633 3.3
0.004863302 0
0.0048672 0
0.004867202 3.3
0.0048712 3.3
0.004871202 0
0.0048741 0
0.004874102 3.3
0.004878 3.3
0.004878002 0
0.0048809 0
0.004880902 3.3
0.0048848 3.3
0.004884802 0
0.0048878 0
0.004887802 3.3
0.0048917 3.3
0.004891702 0
0.0048946 0
0.004894602 3.3
0.0048975 3.3
0.004897502 0
0.0049004 0
0.004900402 3.3
0.0049034 3.3
0.004903402 0
0.0049073 0
0.004907302 3.3
0.0049102 3.3
0.004910202 0
0.0049131 0
0.004913102 3.3
0.0049161 3.3
0.004916102 0
0.004919 0
0.004919002 3.3
0.0049219 3.3
0.004921902 0
0.0049239 0
0.004923902 3.3
0.0049268 3.3
0.004926802 0
0.0049297 0
0.004929702 3.3
0.0049327 3.3
0.004932702 0
0.0049356 0
0.004935602 3.3
0.0049385 3.3
0.004938502 0
0.0049405 0
0.004940502 3.3
0.0049434 3.3
0.004943402 0
0.0049463 0
0.004946302 3.3
0.0049493 3.3
0.004949302 0
0.0049512 0
0.004951202 3.3
0.0049542 3.3
0.004954202 0
0.0049571 0
0.004957102 3.3
0.004959 3.3
0.004959002 0
0.004962 0
0.004962002 3.3
0.0049649 3.3
0.004964902 0
0.0049669 0
0.004966902 3.3
0.0049698 3.3
0.004969802 0
0.0049717 0
0.004971702 3.3
0.0049747 3.3
0.004974702 0
0.0049776 0
0.004977602 3.3
0.0049796 3.3
0.004979602 0
0.0049825 0
0.004982502 3.3
0.0049844 3.3
0.004984402 0
0.0049874 0
0.004987402 3.3
0.0049903 3.3
0.004990302 0
0.0049922 0
0.004992202 3.3
0.0049952 3.3
0.004995202 0
0.0049971 0
0.004997102 3.3
0.0050001 3.3
