0 0
9.8e-06 0
9.802e-06 3.3
1.96e-05 3.3
1.9602e-05 0
3.03e-05 0
3.0302e-05 3.3
4.01e-05 3.3
4.0102e-05 0
5.08e-05 0
5.0802e-05 3.3
6.16e-05 3.3
6.1602e-05 0
7.23e-05 0
7.2302e-05 3.3
8.4e-05 3.3
8.4002e-05 0
9.58e-05 0
9.5802e-05 3.3
0.0001084 3.3
0.000108402 0
0.0001211 0
0.000121102 3.3
0.0001358 3.3
0.000135802 0
0.0001524 0
0.000152402 3.3
0.0001709 3.3
0.000170902 0
0.0001954 0
0.000195402 3.3
0.0003057 3.3
0.000305702 0
0.0003301 0
0.000330102 3.3
0.0003487 3.3
0.000348702 0
0.0003653 0
0.000365302 3.3
0.0003799 3.3
0.000379902 0
0.0003926 0
0.000392602 3.3
0.0004053 3.3
0.000405302 0
0.000417 0
0.000417002 3.3
0.0004288 3.3
0.000428802 0
0.0004395 0
0.000439502 3.3
0.0004502 3.3
0.000450202 0
0.000461 0
0.000461002 3.3
0.0004708 3.3
0.000470802 0
0.0004815 0
0.000481502 3.3
0.0004913 3.3
0.000491302 0
0.000501 0
0.000501002 3.3
0.0005108 3.3
0.000510802 0
0.0005215 0
0.000521502 3.3
0.0005313 3.3
0.000531302 0
0.000542 0
0.000542002 3.3
0.0005518 3.3
0.000551802 0
0.0005626 0
0.000562602 3.3
0.0005743 3.3
0.000574302 0
0.000585 0
0.000585002 3.3
0.0005977 3.3
0.000597702 0
0.0006094 0
0.000609402 3.3
0.0006231 3.3
0.000623102 0
0.0006377 0
0.000637702 3.3
0.0006543 3.3
0.000654302 0
0.0006739 0
0.000673902 3.3
0.0006993 3.3
0.000699302 0
0.0008018 0
0.000801802 3.3
0.0008272 3.3
0.000827202 0
0.0008467 0
0.000846702 3.3
0.0008633 3.3
0.000863302 0
0.000878 0
0.000878002 3.3
0.0008917 3.3
0.000891702 0
0.0009034 0
0.000903402 3.3
0.0009161 3.3
0.000916102 0
0.0009268 0
0.000926802 3.3
0.0009385 3.3
0.000938502 0
0.0009493 0
0.000949302 3.3
0.000959 3.3
0.000959002 0
0.0009698 0
0.000969802 3.3
0.0009795 3.3
0.000979502 0
0.0009903 0
0.000990302 3.3
0.0010001 3.3
0.001000102 0
0.0010098 0
0.001009802 3.3
0.0010196 3.3
0.001019602 0
0.0010303 0
0.001030302 3.3
0.0010401 3.3
0.001040102 0
0.0010508 0
0.001050802 3.3
0.0010616 3.3
0.001061602 0
0.0010723 0
0.001072302 3.3
0.001084 3.3
0.001084002 0
0.0010958 0
0.001095802 3.3
0.0011085 3.3
0.001108502 0
0.0011211 0
0.001121102 3.3
0.0011358 3.3
0.001135802 0
0.0011524 0
0.001152402 3.3
0.001171 3.3
0.001171002 0
0.0011954 0
0.001195402 3.3
0.0013057 3.3
0.001305702 0
0.0013301 0
0.001330102 3.3
0.0013487 3.3
0.001348702 0
0.0013653 0
0.001365302 3.3
0.0013799 3.3
0.001379902 0
0.0013926 0
0.001392602 3.3
0.0014053 3.3
0.001405302 0
0.001417 0
0.001417002 3.3
0.0014288 3.3
0.001428802 0
0.0014395 0
0.001439502 3.3
0.0014502 3.3
0.001450202 0
0.001461 0
0.001461002 3.3
0.0014708 3.3
0.001470802 0
0.0014815 0
0.001481502 3.3
0.0014913 3.3
0.001491302 0
0.001501 0
0.001501002 3.3
0.0015108 3.3
0.001510802 0
0.0015215 0
0.001521502 3.3
0.0015313 3.3
0.001531302 0
0.001542 0
0.001542002 3.3
0.0015518 3.3
0.001551802 0
0.0015626 0
0.001562602 3.3
0.0015743 3.3
0.001574302 0
0.001585 0
0.001585002 3.3
0.0015977 3.3
0.001597702 0
0.0016094 0
0.001609402 3.3
0.0016231 3.3
0.001623102 0
0.0016377 0
0.001637702 3.3
0.0016543 3.3
0.001654302 0
0.0016739 0
0.001673902 3.3
0.0016993 3.3
0.001699302 0
0.0018018 0
0.001801802 3.3
0.0018272 3.3
0.001827202 0
0.0018467 0
0.001846702 3.3
0.0018633 3.3
0.001863302 0
0.001878 0
0.001878002 3.3
0.0018917 3.3
0.001891702 0
0.0019034 0
0.001903402 3.3
0.0019161 3.3
0.001916102 0
0.0019268 0
0.001926802 3.3
0.0019385 3.3
0.001938502 0
0.0019493 0
0.001949302 3.3
0.001959 3.3
0.001959002 0
0.0019698 0
0.001969802 3.3
0.0019795 3.3
0.001979502 0
0.0019903 0
0.001990302 3.3
0.0020001 3.3
0.002000102 0
0.0020098 0
0.002009802 3.3
0.0020196 3.3
0.002019602 0
0.0020303 0
0.002030302 3.3
0.0020401 3.3
0.002040102 0
0.0020508 0
0.002050802 3.3
0.0020616 3.3
0.002061602 0
0.0020723 0
0.002072302 3.3
0.002084 3.3
0.002084002 0
0.0020958 0
0.002095802 3.3
0.0021085 3.3
0.002108502 0
0.0021211 0
0.002121102 3.3
0.0021358 3.3
0.002135802 0
0.0021524 0
0.002152402 3.3
0.002171 3.3
0.002171002 0
0.0021954 0
0.002195402 3.3
0.0023057 3.3
0.002305702 0
0.0023301 0
0.002330102 3.3
0.0023487 3.3
0.002348702 0
0.0023653 0
0.002365302 3.3
0.0023799 3.3
0.002379902 0
0.0023926 0
0.002392602 3.3
0.0024053 3.3
0.002405302 0
0.002417 0
0.002417002 3.3
0.0024288 3.3
0.002428802 0
0.0024395 0
0.002439502 3.3
0.0024502 3.3
0.002450202 0
0.002461 0
0.002461002 3.3
0.0024708 3.3
0.002470802 0
0.0024815 0
0.002481502 3.3
0.0024913 3.3
0.002491302 0
0.002501 0
0.002501002 3.3
0.0025108 3.3
0.002510802 0
0.0025215 0
0.002521502 3.3
0.0025313 3.3
0.002531302 0
0.002542 0
0.002542002 3.3
0.0025518 3.3
0.002551802 0
0.0025626 0
0.002562602 3.3
0.0025743 3.3
0.002574302 0
0.002585 0
0.002585002 3.3
0.0025977 3.3
0.002597702 0
0.0026094 0
0.002609402 3.3
0.0026231 3.3
0.002623102 0
0.0026377 0
0.002637702 3.3
0.0026544 3.3
0.002654402 0
0.0026739 0
0.002673902 3.3
0.0026993 3.3
0.002699302 0
0.0028018 0
0.002801802 3.3
0.0028272 3.3
0.002827202 0
0.0028467 0
0.002846702 3.3
0.0028633 3.3
0.002863302 0
0.002878 0
0.002878002 3.3
0.0028917 3.3
0.002891702 0
0.0029034 0
0.002903402 3.3
0.0029161 3.3
0.002916102 0
0.0029268 0
0.002926802 3.3
0.0029385 3.3
0.002938502 0
0.0029493 0
0.002949302 3.3
0.002959 3.3
0.002959002 0
0.0029698 0
0.002969802 3.3
0.0029795 3.3
0.002979502 0
0.0029903 0
0.002990302 3.3
0.0030001 3.3
0.003000102 0
0.0030098 0
0.003009802 3.3
0.0030196 3.3
0.003019602 0
0.0030303 0
0.003030302 3.3
0.0030401 3.3
0.003040102 0
0.0030508 0
0.003050802 3.3
0.0030616 3.3
0.003061602 0
0.0030723 0
0.003072302 3.3
0.003084 3.3
0.003084002 0
0.0030958 0
0.003095802 3.3
0.0031085 3.3
0.003108502 0
0.0031211 0
0.003121102 3.3
0.0031358 3.3
0.003135802 0
0.0031524 0
0.003152402 3.3
0.003171 3.3
0.003171002 0
0.0031954 0
0.003195402 3.3
0.0033057 3.3
0.003305702 0
0.0033301 0
0.003330102 3.3
0.0033487 3.3
0.003348702 0
0.0033653 0
0.003365302 3.3
0.0033799 3.3
0.003379902 0
0.0033926 0
0.003392602 3.3
0.0034053 3.3
0.003405302 0
0.003417 0
0.003417002 3.3
0.0034288 3.3
0.003428802 0
0.0034395 0
0.003439502 3.3
0.0034503 3.3
0.003450302 0
0.003461 0
0.003461002 3.3
0.0034708 3.3
0.003470802 0
0.0034815 0
0.003481502 3.3
0.0034913 3.3
0.003491302 0
0.003501 0
0.003501002 3.3
0.0035108 3.3
0.003510802 0
0.0035215 0
0.003521502 3.3
0.0035313 3.3
0.003531302 0
0.003542 0
0.003542002 3.3
0.0035518 3.3
0.003551802 0
0.0035626 0
0.003562602 3.3
0.0035743 3.3
0.003574302 0
0.003585 0
0.003585002 3.3
0.0035977 3.3
0.003597702 0
0.0036094 0
0.003609402 3.3
0.0036231 3.3
0.003623102 0
0.0036378 0
0.003637802 3.3
0.0036544 3.3
0.003654402 0
0.0036739 0
0.003673902 3.3
0.0036993 3.3
0.003699302 0
0.0038018 0
0.003801802 3.3
0.0038272 3.3
0.003827202 0
0.0038467 0
0.003846702 3.3
0.0038633 3.3
0.003863302 0
0.003878 0
0.003878002 3.3
0.0038917 3.3
0.003891702 0
0.0039034 0
0.003903402 3.3
0.0039161 3.3
0.003916102 0
0.0039268 0
0.003926802 3.3
0.0039385 3.3
0.003938502 0
0.0039493 0
0.003949302 3.3
0.003959 3.3
0.003959002 0
0.0039698 0
0.003969802 3.3
0.0039795 3.3
0.003979502 0
0.0039903 0
0.003990302 3.3
0.0040001 3.3
0.004000102 0
0.0040098 0
0.004009802 3.3
0.0040196 3.3
0.004019602 0
0.0040303 0
0.004030302 3.3
0.0040401 3.3
0.004040102 0
0.0040508 0
0.004050802 3.3
0.0040616 3.3
0.004061602 0
0.0040723 0
0.004072302 3.3
0.004084 3.3
0.004084002 0
0.0040958 0
0.004095802 3.3
0.0041085 3.3
0.004108502 0
0.0041212 0
0.004121202 3.3
0.0041358 3.3
0.004135802 0
0.0041524 0
0.004152402 3.3
0.004171 3.3
0.004171002 0
0.0041954 0
0.004195402 3.3
0.0043057 3.3
0.004305702 0
0.0043301 0
0.004330102 3.3
0.0043487 3.3
0.004348702 0
0.0043653 0
0.004365302 3.3
0.0043799 3.3
0.004379902 0
0.0043926 0
0.004392602 3.3
0.0044053 3.3
0.004405302 0
0.004417 0
0.004417002 3.3
0.0044288 3.3
0.004428802 0
0.0044395 0
0.004439502 3.3
0.0044503 3.3
0.004450302 0
0.004461 0
0.004461002 3.3
0.0044708 3.3
0.004470802 0
0.0044815 0
0.004481502 3.3
0.0044913 3.3
0.004491302 0
0.004501 0
0.004501002 3.3
0.0045108 3.3
0.004510802 0
0.0045215 0
0.004521502 3.3
0.0045313 3.3
0.004531302 0
0.004542 0
0.004542002 3.3
0.0045518 3.3
0.004551802 0
0.0045626 0
0.004562602 3.3
0.0045743 3.3
0.004574302 0
0.004585 0
0.004585002 3.3
0.0045977 3.3
0.004597702 0
0.0046094 0
0.004609402 3.3
0.0046231 3.3
0.004623102 0
0.0046378 0
0.004637802 3.3
0.0046544 3.3
0.004654402 0
0.0046739 0
0.004673902 3.3
0.0046993 3.3
0.004699302 0
0.0048018 0
0.004801802 3.3
0.0048272 3.3
0.004827202 0
0.0048467 0
0.004846702 3.3
0.0048633 3.3
0.004863302 0
0.004878 0
0.004878002 3.3
0.0048917 3.3
0.004891702 0
0.0049034 0
0.004903402 3.3
0.0049161 3.3
0.004916102 0
0.0049268 0
0.004926802 3.3
0.0049385 3.3
0.004938502 0
0.0049493 0
0.004949302 3.3
0.004959 3.3
0.004959002 0
0.0049698 0
0.004969802 3.3
0.0049796 3.3
0.004979602 0
0.0049903 0
0.004990302 3.3
0.0050001 3.3
