0 0
4.01e-05 0
4.0102e-05 3.3
8.4e-05 3.3
8.4002e-05 0
0.0001358 0
0.000135802 3.3
0.0003653 3.3
0.000365302 0
0.000417 0
0.000417002 3.3
0.000461 3.3
0.000461002 0
0.000501 0
0.000501002 3.3
0.000542 3.3
0.000542002 0
0.000585 0
0.000585002 3.3
0.0006377 3.3
0.000637702 0
0.0008633 0
0.000863302 3.3
0.0009161 3.3
0.000916102 0
0.000959 0
0.000959002 3.3
0.0010001 3.3
0.001000102 0
0.0010401 0
0.001040102 3.3
0.001084 3.3
0.001084002 0
0.0011358 0
0.001135802 3.3
0.0013653 3.3
0.001365302 0
0.001417 0
0.001417002 3.3
0.001461 3.3
0.001461002 0
0.001501 0
0.001501002 3.3
0.001542 3.3
0.001542002 0
0.001585 0
0.001585002 3.3
0.0016377 3.3
0.001637702 0
0.0018633 0
0.001863302 3.3
0.0019161 3.3
0.001916102 0
0.001959 0
0.001959002 3.3
0.0020001 3.3
0.002000102 0
0.0020401 0
0.002040102 3.3
0.002084 3.3
0.002084002 0
0.0021358 0
0.002135802 3.3
0.0023653 3.3
0.002365302 0
0.002417 0
0.002417002 3.3
0.002461 3.3
0.002461002 0
0.002501 0
0.002501002 3.3
0.002542 3.3
0.002542002 0
0.002585 0
0.002585002 3.3
0.0026377 3.3
0.002637702 0
0.0028633 0
0.002863302 3.3
0.0029161 3.3
0.002916102 0
0.002959 0
0.002959002 3.3
0.0030001 3.3
0.003000102 0
0.0030401 0
0.003040102 3.3
0.003084 3.3
0.003084002 0
0.0031358 0
0.003135802 3.3
0.0033653 3.3
0.003365302 0
0.003417 0
0.003417002 3.3
0.003461 3.3
0.003461002 0
0.003501 0
0.003501002 3.3
0.003542 3.3
0.003542002 0
0.003585 0
0.003585002 3.3
0.0036378 3.3
0.003637802 0
0.0038633 0
0.003863302 3.3
0.0039161 3.3
0.003916102 0
0.003959 0
0.003959002 3.3
0.0040001 3.3
0.004000102 0
0.0040401 0
0.004040102 3.3
0.004084 3.3
0.004084002 0
0.0041358 0
0.004135802 3.3
0.0043653 3.3
0.004365302 0
0.004417 0
0.004417002 3.3
0.004461 3.3
0.004461002 0
0.004501 0
0.004501002 3.3
0.004542 3.3
0.004542002 0
0.004585 0
0.004585002 3.3
0.0046378 3.3
0.004637802 0
0.0048633 0
0.004863302 3.3
0.0049161 3.3
0.004916102 0
0.004959 0
0.004959002 3.3
0.0050001 3.3
