0 0
8.4e-05 0
8.4002e-05 3.3
0.000417 3.3
0.000417002 0
0.000501 0
0.000501002 3.3
0.000585 3.3
0.000585002 0
0.0009161 0
0.000916102 3.3
0.0010001 3.3
0.001000102 0
0.001084 0
0.001084002 3.3
0.001417 3.3
0.001417002 0
0.001501 0
0.001501002 3.3
0.001585 3.3
0.001585002 0
0.0019161 0
0.001916102 3.3
0.0020001 3.3
0.002000102 0
0.002084 0
0.002084002 3.3
0.002417 3.3
0.002417002 0
0.002501 0
0.002501002 3.3
0.002585 3.3
0.002585002 0
0.0029161 0
0.002916102 3.3
0.0030001 3.3
0.003000102 0
0.003084 0
0.003084002 3.3
0.003417 3.3
0.003417002 0
0.003501 0
0.003501002 3.3
0.003585 3.3
0.003585002 0
0.0039161 0
0.003916102 3.3
0.0040001 3.3
0.004000102 0
0.004084 0
0.004084002 3.3
0.004417 3.3
0.004417002 0
0.004501 0
0.004501002 3.3
0.004585 3.3
0.004585002 0
0.0049161 0
0.004916102 3.3
0.0050001 3.3
